64
93
323
549
681
745
820
867
1171
1206
1244
1246
1354
1379
1460
1511
1642
1738
1842
1914
1925
2039
2362
2427
2463
2503
2606
2615
2780
2902
3050
3094
3296
3342
3476
3615
3637
3979
4039
4062
4082
4251
4308
4310
4340
4513
5009
5216
5226
5269
5510
5601
5635
5667
5729
5979
6046
6071
6175
6484
6734
6816
7057
7144
7199
7339
7561
7619
8216
8292
8430
8693
8764
8923
9113
9120
9206
9241
9428
9431
9618
9628
9719
10038
10120
10122
10165
10272
10417
10431
10569
10661
10736
10845
10946
10947
11016
11053
11351
11520
11703
11731
11735
11763
11789
11867
11964
11984
12299
12459
12582
12585
12627
12713
13054
13321
13372
13405
13537
13540
13598
13617
13669
13685
13888
13917
14007
14057
14148
14385
14435
14523
14811
15033
15056
15057
15469
15533
15633
15752
15781
16001
16110
16204
16228
16228
16259
16323
16449
16522
16538
17135
17223
17315
17501
17566
17630
17638
17808
17808
17833
17881
18184
18190
18202
18448
18481
18507
18654
18704
18859
19034
19278
19304
19420
19486
19540
20142
20172
20468
20550
20567
20847
20934
21008
21018
21091
21414
21485
21491
21743
22104
22181
22190
22298
22300
22765
22924
22939
23023
23078
23182
23247
23415
23440
23591
23662
23787
23856
23949
24020
24100
24122
24124
24136
24145
24451
24561
24605
24745
24776
25015
25165
25496
25861
26160
26196
26234
26445
26650
26652
26776
26856
27132
27138
27157
27172
27320
27458
27489
27495
27536
27572
27583
27639
27710
28215
28313
28380
28423
28656
28806
28828
28861
28943
28996
29053
29098
29215
29375
29438
29448
29501
29573
29580
29729
29820
29941
29949
30096
30183
30386
30530
30706
30755
30774
31020
31224
31355
31502
31600
31639
31790
31984
32062
32073
32101
32248
32276
32277
32310
32538
32862
32908
32933
32976
33062
33081
33621
33786
33791
33808
33882
33915
34190
34225
34282
34303
34307
34551
34589
34596
34633
34736
34821
34979
34986
35109
35280
35368
35391
35733
35879
35928
36055
36126
36189
36214
36421
36437
36461
36857
36936
37062
37126
37138
37200
37287
37392
37472
37545
37710
37876
38320
38566
38585
38602
38829
38879
38894
38936
39021
39129
39195
39334
39392
39626
39758
39810
39828
39875
39875
39908
39916
39960
40072
40077
40140
40194
40215
40220
40400
40403
40500
40584
40702
40881
40898
40926
40972
41159
41167
41205
41351
41598
41598
41768
41792
41882
41991
42122
42210
42348
42365
42417
42484
42659
42772
42831
42856
42992
43067
43102
43320
43453
43559
43592
43633
43682
43725
43860
43914
43983
44101
44131
44317
44353
44365
44526
44582
44646
44687
44746
44757
44819
44901
44962
45042
45063
45156
45329
45389
45417
45483
45496
45611
45901
45979
46007
46017
46341
46355
46380
46387
46549
46588
46647
46824
46828
46852
46942
47189
47329
47395
47406
47510
47577
47775
47928
47983
47996
48074
48267
48401
48410
48425
48498
48529
48586
48599
48623
48626
48628
48860
48977
49292
49613
49646
49676
49764
49773
49997
50063
50197
50293
50440
50466
50499
50500
50531
50707
50740
50808
51019
51103
51290
51333
51463
51477
51498
51571
51584
51735
51878
51919
51986
52018
52097
52176
52251
52464
52540
52567
52621
52630
52732
52918
52927
53079
53150
53297
53418
53428
53499
53542
53603
53762
53801
53842
53882
54024
54136
54180
54364
54525
54545
54660
55179
55232
55323
55336
55382
55435
55776
55793
56055
56151
56448
56561
56591
56618
56675
56687
56699
56747
56757
56788
56791
56794
56842
56927
57115
57225
57229
57306
57460
57537
57570
57602
57661
57911
58025
58106
58218
58261
58320
58476
58531
58752
58800
58814
58856
58976
59129
59234
59261
59385
59476
59543
59560
59619
59720
59765
59772
59803
59895
59965
60014
60263
60319
60397
60442
60498
60642
60707
60809
60908
60987
61048
61087
61151
61567
61648
61690
61759
61770
61773
61918
61991
62189
62251
62258
62315
62382
62426
62548
62638
62718
62760
62795
62900
62923
62934
62958
62975
63046
63073
63084
63133
63141
63179
63328
64049
64088
64091
64135
64260
64317
64335
64472
64537
64662
64825
64835
64901
64959
65054
65080
65186
65643
65666
65812
65965
65969
66057
66064
66103
66317
66343
66444
66487
66537
66623
66681
66805
66975
67183
67223
67367
67431
67609
67660
67697
67764
67850
68011
68012
68107
68339
68399
68427
68506
68632
68689
68818
68972
69004
69027
69030
69232
69410
69883
70285
70330
70392
70491
70491
70592
70757
70798
70847
70927
70999
71006
71116
71125
71161
71201
71478
71510
71710
71774
71892
72213
72293
72415
72485
72486
72606
72699
72703
72750
72943
72999
73039
73077
73113
73181
73370
73505
73625
73627
73701
73764
73828
73847
73870
73888
73990
74537
74602
74733
75076
75122
75155
75218
75412
75615
75616
75704
75743
75889
76077
76123
76139
76169
76217
76244
76445
76486
76585
76672
76773
76780
77304
77589
77591
77645
77773
77979
78002
78044
78111
78259
78408
78592
78612
78721
79088
79095
79126
79145
79269
79322
79342
79373
79381
79421
79422
79540
79567
79690
79841
79908
79933
79957
79957
80124
80254
80261
80262
80523
80532
80605
80636
80776
80830
80843
80886
81198
81350
81555
81697
81815
81858
81925
82014
82050
82060
82199
82379
82424
82460
82466
82539
82830
83031
83088
83155
83304
83448
83598
83689
83750
83781
83802
84007
84100
84148
84216
84267
84292
84303
84315
84506
84542
84579
84672
84746
84821
85106
85193
85507
85544
85739
85886
85972
86034
86305
86317
86469
86480
86594
86681
87092
87126
87183
87195
87531
87586
87662
87688
87710
87711
87854
87928
87997
88030
88109
88131
88208
88411
88421
88434
88456
88582
88883
88980
89128
89174
89325
89358
89491
89503
89636
89727
89965
90023
90057
90086
90192
90200
90212
90389
90717
90859
90960
90987
91009
91042
91185
91251
91583
91686
91749
91751
91840
92024
92061
92234
92272
92351
92376
92396
92489
92609
92792
92797
92923
93152
93316
93345
93397
93640
93662
93902
94112
94165
94174
94417
94467
94749
94909
95018
95020
95022
95027
95042
95160
95475
95572
95609
95655
95731
95745
95745
95765
95815
95872
95899
96107
96169
96176
96177
96180
96271
96358
96382
96547
96879
96913
97051
97161
97218
97408
97529
97567
97602
97654
97660
97871
97874
98032
98165
98480
98605
98734
98738
98739
98823
99355
99393
99451
99484
99538
99901
100013
100161
100255
100321
100486
100514
100669
100731
100857
101110
101113
101281
101331
101489
101662
101665
101760
101832
101877
101940
101996
102296
102393
102501
102675
103003
103030
103124
103241
103443
103537
103654
103807
103978
104061
104068
104335
104343
104407
104510
104522
104524
104635
104667
104697
104712
104812
104896
105082
105141
105196
105230
105340
105342
105473
105994
106038
106133
106226
106312
106321
106348
106407
106413
106685
106687
106892
106956
107007
107084
107280
107478
107603
107681
107964
108003
108019
108129
108342
108354
108594
108957
109339
109352
109445
109608
109644
109849
109859
109885
110059
110094
110115
110174
110185
110270
110427
110508
110661
110751
110799
110911
111021
111403
111413
111427
111448
111544
111612
111793
111994
112110
112132
112312
112340
112466
112644
112711
112818
112824
112927
113010
113030
113083
113190
113236
113244
113328
113371
113379
113606
114053
114180
114218
114291
114447
114462
114467
114526
114544
114587
114641
114752
115152
115381
115464
115776
115873
115921
115934
115945
116035
116052
116330
116354
116473
116548
116632
116840
116941
117027
117155
117174
117184
117195
117507
117522
117731
117792
117832
118130
118159
118234
118252
118325
118450
118475
118513
118762
118800
119080
119157
119161
119204
119326
119375
119446
119502
119540
119836
119944
120160
120356
120688
120804
120867
120896
121027
121288
121526
121784
121924
121937
121989
122004
122023
122032
122045
122177
122245
122272
122429
122431
122439
122523
122590
122594
122729
122980
123090
123202
123519
123558
123568
123786
123789
123840
124046
124220
124337
125060
125086
125139
125140
125167
125244
125276
125315
125336
125357
125383
125413
125612
125657
125765
125972
125973
125980
126162
126168
126381
126447
126510
126598
126616
126695
126763
126901
126950
126997
127098
127156
127179
127249
127303
127367
127369
127513
127597
127616
127682
127925
128121
128223
128425
128464
128526
128616
128825
129067
129085
129205
129326
129408
129524
129559
129706
129793
129860
129877
129954
129986
130017
130115
130772
130791
130834
130872
130908
130939
130968
130985
131038
131125
131151
131195
131385
131424
131489
131527
131589
131635
132043
132048
132244
132271
132347
132501
132540
132557
132781
132946
133130
133386
133596
133608
133753
133822
133984
134136
134158
134463
134495
134722
134822
135018
135205
135236
135240
135338
135339
135518
135590
135719
135729
136052
136104
136154
136219
136476
136907
136977
137020
137088
137091
137166
137418
137590
137682
137703
137798
138000
138264
138282
138326
138380
138424
138496
138548
138644
138651
138715
138863
138864
138954
138989
139053
139265
139471
139563
139784
139885
140068
140091
140172
140186
140292
140470
140492
140678
140826
140875
141009
141133
141247
141434
141610
142227
142334
142383
142481
142496
142779
142838
142902
143421
143910
144042
144106
144308
144369
144490
144491
144529
144830
144854
145053
145207
145257
145323
145325
145375
145472
145489
145494
145669
146145
146244
146246
146290
146451
146542
146546
146590
146692
146702
146790
146961
147069
147070
147124
147326
147408
147484
147498
147515
147554
147567
147571
147641
147732
147774
147997
148075
148151
148194
148346
148555
148569
148604
148632
148711
148764
148839
148990
149010
149023
149078
149193
149220
149446
149517
149637
149720
149776
149832
149955
150109
150125
150212
150254
150323
150462
150508
150654
150799
150811
150859
150871
150997
151121
151213
151225
151249
151948
151970
152161
152167
152226
152336
152410
152493
152760
152910
152978
152986
153006
153143
153538
153579
153621
153674
153916
153954
154073
154091
154289
154508
154589
154714
154861
154863
154882
154913
154931
155027
155066
155181
155554
155594
155624
155633
155710
155872
155895
155988
156006
156066
156181
156217
156349
156407
156407
156489
156584
156615
156802
156975
157045
157106
157265
157360
157499
157511
157576
157620
157793
158031
158124
158388
158436
158547
158590
158627
158732
158823
158967
159016
159138
159161
159346
159487
159495
159527
159651
159745
159999
160106
160292
160374
160450
160530
160558
160574
160923
161002
161140
161257
161521
161527
161528
161534
161631
161708
161956
162035
162051
162069
162141
162161
162283
162286
162289
162325
162493
162496
162652
162672
162844
162945
162964
162975
163036
163038
163042
163043
163132
163338
163351
163438
163487
163568
163767
163787
163925
163926
164213
164292
164490
164526
164556
164576
164626
164681
164757
164871
165198
165203
165407
165449
165457
165483
165525
165683
165730
165879
165898
165915
165967
166264
166488
166549
166582
166697
166829
166929
166951
167166
167279
167297
167308
167332
167711
167715
167716
167744
167852
168133
168164
168275
168754
168837
168920
169080
169347
169370
169437
169487
169591
169790
169939
169957
170055
170114
170159
170170
170197
170269
170311
170322
170506
170620
170893
170911
170982
171054
171251
171275
171637
171794
171880
171884
171894
171929
171932
172025
172190
172301
172326
172467
172497
172621
172631
172657
172784
172980
173136
173172
173201
173294
173332
173402
173528
173533
173797
173865
173939
173960
174069
174413
174721
174780
174967
175400
175406
175571
175617
175679
175739
175780
175890
175905
176022
176239
176279
176307
176347
176620
176737
176897
177151
177161
177203
177207
177265
177290
177358
177381
177440
177503
177718
177751
178046
178123
178440
178497
178604
178665
178690
178726
178779
178849
178855
179117
179218
179285
179334
179453
179474
179506
179830
179911
179915
180183
180200
180237
180407
180529
180548
180570
180601
180653
180921
181353
181419
181467
181562
181698
181734
181851
181862
182039
182057
182160
182313
182394
182467
182790
183017
183171
183202
183215
183242
183255
183327
183332
183393
183422
183458
183540
183547
183675
183718
183745
184072
184096
184120
184274
184324
184447
184454
184492
184662
184680
184765
184889
184964
185046
185143
185160
185185
185480
185642
185677
185712
185876
185889
185994
186306
186354
186358
186431
186434
186440
186480
186709
186733
186746
186872
186952
187079
187134
187346
187500
187618
187727
187937
187956
188170
188314
188317
188534
189012
189141
189168
189196
189291
189300
189375
189497
189562
189595
189617
189833
189838
189876
190158
190168
190184
190428
190495
190528
190642
190702
190800
190821
190922
190952
191005
191096
191269
191412
191544
191614
191653
191662
191742
191794
191847
191893
192086
192177
192190
192209
192218
192384
192435
192594
192614
192741
192934
192954
193368
193468
193485
193721
193736
193785
193828
193837
193842
193908
193944
194011
194185
194465
194528
194625
194650
194684
194731
194778
194850
194872
195123
195176
195195
195397
195511
195540
195809
195941
196008
196158
196228
196295
196342
196444
196471
196637
196782
196827
196879
197086
197203
197219
197235
197247
197274
197315
197734
197811
197917
197930
197930
198032
198099
198105
198392
198451
198455
198483
198530
198656
198673
198697
198752
198812
198918
198918
198952
199086
199088
199093
199257
199267
199319
199372
199492
199531
199861
199972
200077
200279
200313
200345
200406
200474
200707
200792
200801
200848
200885
200987
201069
201114
201132
201211
201435
201745
201937
202235
202324
202512
202568
202788
202906
202977
203049
203107
203165
203608
203630
203759
204105
204190
204319
204404
204445
204606
204628
204634
204645
204680
204721
204760
204984
205010
205062
205108
205535
205660
205738
205740
205826
205852
205946
205963
206202
206243
206371
206644
206657
206668
206713
206766
206781
206797
206829
206898
207056
207128
207249
207394
207428
207433
207466
207480
207668
207767
207829
207915
207993
208154
208466
208466
208501
208513
208618
208942
209095
209118
209377
209439
209561
209651
209675
209802
209817
209943
210050
210128
210192
210206
210224
210306
210352
210525
210541
210619
210708
210801
210812
210884
210979
210980
211014
211119
211136
211243
211322
211519
211597
211756
211926
211983
212032
212037
212148
212151
212866
213046
213073
213077
213171
213314
213404
213486
213496
213652
213948
214055
214107
214191
214197
214314
214337
214393
214636
214647
214779
214815
214896
215004
215215
215233
215264
215450
215463
215546
215689
215898
216090
216242
216246
216249
216347
216439
216446
216454
216735
216746
216969
217043
217069
217177
217266
217281
217497
217685
217690
217741
217934
217972
217972
218236
218377
218397
218417
218466
218594
218652
218657
218704
218751
218785
218967
219162
219170
219419
219639
219654
219986
220161
220239
220263
220360
220377
220435
220440
220510
220734
220851
220943
220949
220968
221117
221155
221236
221263
221326
221743
222095
222218
222232
222407
222428
222704
222754
222833
223059
223060
223184
223193
223415
223437
223735
223780
223782
223820
223956
224149
224178
224472
224505
224547
224663
224864
225125
225205
225213
225844
225920
226100
226130
226398
226513
226917
226951
226967
227022
227118
227241
227338
227440
227667
227843
228101
228371
228399
228669
228721
228785
228804
228807
228875
229011
229153
229157
229189
229291
229307
229329
229337
229353
229780
230151
230302
230642
230775
231109
231349
231367
231456
231726
231761
231791
231941
231945
231996
232088
232173
232221
232233
232273
232325
232381
232425
232475
232676
232711
232734
232805
232983
233021
233114
233336
233355
233494
233518
233570
233683
233950
234140
234431
234555
234646
234660
234751
234956
235053
235104
235362
235462
235624
235673
235706
235839
235884
235955
235957
235975
236053
236129
236196
236214
236300
236448
236486
236503
236614
236872
237012
237027
237129
237140
237199
237385
237575
237639
237892
237927
238230
238311
238319
238390
238469
238470
238502
238761
238783
238812
238858
238867
238957
239099
239531
239695
239775
239828
239833
240174
240349
240642
240853
240857
240993
241042
241302
241306
241427
241439
241694
241707
241979
241990
242006
242050
242061
242587
242589
242635
242671
242834
242864
242869
243006
243076
243281
243428
243468
243658
243700
243750
243767
243823
243938
244506
244564
244623
244773
244823
244835
244856
244944
244978
245382
245400
245409
245415
245482
245562
245745
245774
245786
245820
245829
246127
246677
246831
246894
247035
247224
247397
247452
247530
247757
247776
248064
248130
248175
248263
248359
248364
248446
248473
248540
248617
248671
248677
248728
248836
248977
249025
249025
249238
249395
249610
249680
249758
249794
249809
250008
250011
250231
250256
250610
250649
250732
250747
250819
250886
251201
251304
251327
251530
251593
251743
251761
251768
251816
251819
251990
252101
252277
252297
252327
252481
252777
252833
252911
253031
253100
253124
253188
253215
253491
253510
253540
253681
253738
254146
254185
254228
254283
254466
254568
254732
254786
254884
254946
255018
255076
255140
255162
255233
255251
255288
255332
255351
255375
255472
255610
255756
255808
255812
255825
255825
255977
256109
256132
256187
256271
256340
256387
256391
256477
256479
256490
256508
256530
256678
256709
256816
256876
256880
256914
256958
256975
257224
257325
257407
257597
257692
257755
257917
257991
258001
258051
258232
258257
258288
258306
258726
258803
258962
259134
259316
259617
259631
259683
260053
260054
260595
260674
260757
261050
261129
261157
261420
261451
261471
261667
261749
261900
261902
261921
262092
262331
262337
262431
262432
262458
262489
262520
262547
262583
262766
262999
263301
263333
263370
263421
263431
263497
263590
263655
263659
263674
263748
263794
263904
263958
264014
264029
264038
264227
264286
264360
264389
264398
264453
264801
264839
264854
264932
265238
265269
265375
265391
265405
265522
265587
265917
266005
266066
266131
266194
266229
266356
266406
266659
266717
266818
266858
266877
266994
267199
267292
267402
267480
267667
267672
267705
267725
267731
267737
267890
267971
267990
268023
268277
268399
268428
268496
268569
268714
268780
268824
268864
269022
269240
269508
269512
269559
269641
270181
270210
270296
270347
270681
270742
270867
270887
271028
271058
271173
271246
271360
271361
271401
271487
271690
271908
271957
272000
272000
272028
272083
272127
272225
272592
272669
272695
272763
272784
272888
273209
273378
273398
273413
273487
273567
273655
273679
273718
273865
273879
273952
274432
274723
274789
274956
274971
275111
275358
275444
275456
275515
275532
275533
275643
275812
275860
276103
276125
276174
276234
276274
276451
276617
277052
277107
277188
277392
277479
277486
277578
277843
277883
277950
278068
278415
278674
278851
278854
278990
279082
279136
279172
279192
279239
279370
279397
279465
279545
279614
279640
279777
279876
279893
279944
280148
280206
280396
280526
280548
280603
280947
281052
281209
281413
281468
281500
282174
282255
282619
282815
282958
283253
283398
283437
283539
283572
283738
283855
283858
283917
284199
284832
284967
285188
285287
285314
285513
285608
285753
285836
286141
286196
286229
286284
286688
286813
286845
286931
286970
286977
287125
287458
287504
287600
287600
287639
287719
287797
287828
288019
288131
288216
288218
288515
288549
288709
288777
288820
288829
288880
289072
289094
289123
289156
289233
289270
289323
289773
289812
289868
289888
290021
290176
290255
290636
290720
290775
291125
291161
291216
291485
291499
291530
291638
291743
291980
291986
292139
292180
292267
292453
292515
292538
292789
292890
292956
293026
293145
293232
293255
293325
293418
293469
293554
293807
293996
294213
294404
294618
294732
294814
294815
294831
294981
295008
295031
295098
295100
295153
295252
295407
295431
295466
295539
295657
295849
295879
296002
296009
296072
296120
296349
296358
296449
296600
296609
296630
296774
296835
296984
297005
297018
297099
297406
297508
297656
297783
297893
298036
298129
298506
298730
298784
298941
298947
298960
299067
299142
299226
299353
299455
299468
299513
299574
299699
299706
299774
299808
299815
299853
299868
299958
300131
300213
300260
300579
300597
300599
300691
300712
300742
300821
300961
300996
301002
301079
301088
301167
301183
301192
301298
301386
301418
301462
302059
302073
302120
302443
302451
302457
302580
302697
302720
302800
303315
303482
303590
303604
303605
303708
303818
303891
304040
304130
304183
304213
304389
304435
304465
304487
304607
304817
305058
305250
305737
305843
305981
305995
306075
306240
306396
306440
306466
306508
306577
306616
306629
306681
306879
307000
307071
307084
307272
307354
307456
307607
307629
307750
308116
308335
308338
308422
308425
308457
308582
308628
308630
308970
309556
309587
309884
310010
310085
310485
310636
310840
310992
311065
311108
311258
311796
311956
312086
312109
312496
312684
312851
313043
313062
313082
313220
313225
313265
313492
313522
313736
313871
313970
313984
313984
314107
314197
314281
314384
314462
314592
314788
314835
315047
315081
315115
315128
315265
315329
315331
315332
315612
315644
315741
315855
315861
315995
316151
316153
316428
316586
316653
316701
316706
316750
316792
316897
316929
317249
317287
317428
317444
317458
317565
317824
317949
318023
318288
318485
318550
318627
318908
318984
319158
319199
319291
319300
319332
319456
319700
319862
319961
320049
320152
320483
320512
320526
320585
320763
320788
320799
320870
320899
321100
321179
321335
321357
321408
321442
321496
321554
321676
321698
321738
321787
321813
321825
321869
321892
321929
321960
322037
322042
322141
322269
322285
322394
322500
322512
322541
322667
322902
322915
323015
323172
323221
323286
323427
323466
323524
323580
323691
323726
324025
324065
324309
324323
324366
324504
324635
324744
324810
324908
324960
324966
325361
325509
325554
325578
325695
325922
326046
326130
326173
326223
326312
326423
326456
326572
326644
326657
326885
326920
326984
327046
327084
327263
327308
327407
327630
327704
327731
327934
328134
328187
328242
328364
328516
328686
328932
329164
329225
329499
329519
329528
329686
329709
329765
329928
330334
330491
330509
330757
330959
331055
331249
331354
331367
331705
331784
331834
331867
332060
332313
332566
332700
332873
332892
332973
333205
333222
333297
333329
333399
333506
333576
333694
333732
333872
333907
333996
334002
334055
334107
334253
334271
334527
334604
334697
334728
334779
334796
334813
334813
334942
334982
335066
335133
335164
335280
335344
335410
335526
335672
335742
335888
335935
335936
336066
336255
336313
336386
336672
336688
336718
336829
336947
336956
337001
337023
337207
337227
337242
337281
337363
337375
337836
338131
338460
338509
338524
338676
339198
339349
339393
339467
339602
339609
339643
339680
339922
340012
340127
340144
340353
340414
340448
340564
340634
340650
340773
340947
340950
341087
341089
341138
341203
341234
341551
341616
341786
341798
341814
341966
341973
341976
342013
342196
342203
342337
342428
342482
342508
342723
342733
342789
343058
343238
343390
343444
343702
343750
343899
343915
344019
344023
344235
344385
344536
344650
344685
344718
344774
344903
345020
345135
345178
345225
345269
345318
345703
345764
345799
345994
346039
346092
346115
346168
346276
346364
346685
346768
346827
346831
346896
347180
347194
347223
347227
347640
347869
348129
348181
348687
348895
349063
349144
349476
349502
349542
349542
349737
349946
350013
350251
350259
350310
350359
350731
350766
350768
350826
350916
351072
351142
351160
351186
351202
351320
351323
351500
351585
351613
351718
351825
351918
351989
352042
352160
352324
352346
352512
352604
352646
352683
352742
352861
352949
352976
353127
353187
353198
353347
353426
353644
353696
353825
353867
353885
353914
353969
354089
354103
354279
354354
354671
354718
354719
354754
354908
355230
355511
355856
355903
356108
356264
356391
356489
356554
356569
356631
356649
356656
356819
356941
357055
357080
357096
357133
357308
357509
357769
357840
357860
357998
358023
358132
358641
358697
358698
358825
358898
359154
359196
359202
359216
359264
359305
359337
359398
359445
359469
359509
359554
359574
359602
359759
359767
359939
359956
359979
360161
360401
360477
360494
360602
360755
360857
360871
360932
361246
361464
361489
361526
361591
361647
361677
361717
361729
361823
361873
362124
362173
362196
362297
362380
362461
362972
363101
363193
363200
363260
363308
363341
363501
363546
363551
363558
363565
363610
363923
363926
363941
364616
364788
364792
364920
365029
365159
365223
365403
365439
365509
365723
365760
365914
365981
366026
366070
366146
366256
366332
366445
366559
366596
366796
366797
366821
367198
367395
367423
367445
367538
367555
367563
367596
367734
367994
368056
368071
368115
368144
368447
368523
368542
368543
368623
369028
369081
369130
369539
369615
369755
369841
370120
370245
370448
370627
370704
370732
370984
371097
371198
371254
371388
371392
371435
371690
371707
371774
371823
371903
371971
372052
372072
372147
372305
372440
372604
372618
372729
372903
373053
373140
373308
373349
373480
373537
373832
373855
373997
374069
374276
374295
374366
374550
374581
374729
374759
374771
374817
374844
374883
375218
375222
375271
375320
375451
375482
375525
375728
375786
375861
375873
375974
376042
376088
376242
376243
376250
376256
376263
376426
376468
376621
376647
376671
376731
376838
376850
376898
376925
376938
377259
377313
377470
377500
377601
378125
378194
378250
378337
378384
378491
378865
379174
379574
379704
379851
380098
380177
380259
380270
380292
380323
380367
380683
380865
380902
381003
381035
381161
381216
381409
381465
381560
381604
381616
381652
381775
381894
381916
381976
382006
382185
382211
382427
382443
382524
382700
382704
382853
382894
383032
383233
383281
383561
383727
383757
383844
384071
384280
384564
384719
384795
384829
384862
384897
385037
385099
385336
385371
385387
385391
385503
385755
385907
385948
386023
386147
386216
386251
386300
386319
386343
386450
386656
386697
386851
386865
386917
386922
386966
386989
387142
387191
387211
387226
387350
387409
387453
387487
387536
387536
387570
387633
387708
387902
387964
387973
388143
388310
388315
388337
388370
388403
388427
388584
389002
389109
389304
389412
389569
389733
389838
389873
390034
390279
390523
390646
390744
390752
390769
390804
390851
390852
390884
390979
391076
391104
391107
391565
391568
391879
392059
392187
392419
392511
392597
392612
392641
392739
393098
393119
393169
393701
393799
393829
393921
393988
394080
394218
394319
394660
395007
395156
395173
395389
395489
395546
395727
395735
395738
395776
395971
396003
396164
396211
396261
396268
396293
396296
396429
396580
396914
397015
397243
397243
397309
397524
397551
397607
397820
397965
398163
398210
398337
398396
398403
398698
398759
398850
398892
398934
398977
399015
399018
399083
399162
399195
399260
399616
399815
399826
399827
400044
400443
400536
400702
400734
400735
400960
401014
401051
401064
401070
401091
401305
401378
401392
401425
401433
401461
401657
401666
401695
401777
401868
401904
402092
402260
402276
402293
402303
402361
402489
402557
402720
402750
402908
403134
403228
403447
403454
403472
403529
403532
403847
403933
404069
404090
404111
404311
404357
404619
404628
404700
404949
405070
405071
405135
405211
405247
405279
405344
405350
405457
405468
405612
405665
405690
405811
405871
405891
405991
406200
406332
406422
406424
406543
406649
406667
406671
406819
406847
406865
406904
406912
407063
407330
407396
407452
407458
407477
407918
407997
408031
408135
408182
408437
408917
408935
408978
408990
409053
409217
409271
409401
409559
409560
409617
409645
409675
409802
409831
409912
409934
409938
409954
410091
410107
410116
410241
410399
410471
410533
410544
410655
410762
410949
411204
411260
411266
411305
411310
411376
411556
411614
411637
411641
411749
412034
412082
412173
412323
412400
412412
412418
412433
412617
412660
412819
412843
412975
413002
413008
413022
413069
413094
413260
413306
413323
413388
413412
413554
413566
413640
413714
413811
413831
413882
413891
413934
414049
414135
414422
414583
414622
414644
414816
414865
414905
415139
415147
415338
415389
415411
415497
415507
415518
415530
415548
415930
416008
416032
416065
416116
416139
416216
416219
416429
416639
416748
416757
416758
416945
417016
417072
417140
417183
417405
417411
417540
417574
417593
417603
417719
417809
417873
417950
418103
418235
418241
418325
418417
418446
418557
418564
418791
418816
418852
419017
419026
419087
419117
419163
419369
419480
419494
419535
419677
419716
419723
419879
419962
420005
420041
420171
420235
420424
420507
420528
420696
420696
420721
420782
420894
420959
421294
421465
421514
421897
422101
422147
422206
422246
422292
422328
422363
422376
422411
422429
422715
422891
423094
423156
423304
423304
423328
423444
423537
423542
423611
423739
423750
423768
423919
424175
424260
424290
424342
424424
424538
424758
424768
424773
424864
424865
425202
425259
425329
425614
425672
425676
425683
425785
425786
425834
425913
426070
426141
426165
426169
426270
426360
426428
426538
426555
426576
426701
426761
426865
427010
427197
427397
427405
427412
427417
427736
427746
427991
428239
428386
428484
428525
428545
428571
428585
428608
428651
428725
428816
428862
428888
428923
429018
429128
429249
429296
429336
429541
429566
429643
429649
429650
429808
430207
430275
430604
430612
430644
430683
430898
430901
430927
430932
431017
431190
431238
431327
431429
431447
431554
431673
431721
431801
432072
432100
432104
432110
432192
432299
432483
432999
433063
433230
433464
433521
433764
433878
434070
434154
434174
434197
434205
434309
434358
434455
434573
434581
434825
434826
435043
435164
435179
435392
435413
435518
435690
435744
435776
435786
435800
436157
436333
436351
436388
436665
436758
436826
436828
436982
437032
437215
437271
437329
437574
437589
437668
437685
437697
437997
438014
438038
438144
438146
438180
438469
438492
438548
438702
438711
438747
438799
438953
439048
439060
439097
439124
439146
439259
439379
439570
440074
440376
440562
440579
440598
440610
440770
440876
441089
441138
441264
441309
441643
441976
442043
442362
442496
442530
442570
442652
442929
442949
443037
443203
443272
443280
443334
443370
443437
443608
443639
443704
443731
443745
443968
444036
444165
444267
444293
444300
444350
444522
444543
444584
444704
444722
444898
444944
444981
445033
445090
445143
445259
445431
445510
445950
445998
446038
446174
446286
446562
446571
446575
446676
446832
446847
446870
446912
446925
447137
447351
447374
447374
447433
447445
447450
447534
447599
447706
447757
447997
448028
448215
448430
448452
448499
448664
448681
448708
448738
448843
448851
448881
449004
449294
449299
449381
449400
449583
449638
449659
449807
449833
449966
450030
450052
450104
450127
450250
450254
450290
450385
450460
450700
450789
450857
451076
451192
451238
451352
451449
451467
451503
451546
451979
452111
452213
452320
452352
452470
452574
452831
453149
453188
453333
453361
453596
453694
453810
453865
454226
454328
454391
454414
454443
454833
454918
455193
455411
455562
455662
455932
456057
456081
456208
456289
456375
456432
456510
456600
456618
456725
456903
456911
457220
457236
457257
457512
457580
457666
457669
457702
457716
457914
458000
458209
458260
458317
458380
458676
458701
458743
458780
458793
458800
458889
458924
459131
459168
459200
459253
459256
459307
459366
459373
459389
459473
459672
459807
459833
459928
459948
459967
459970
460090
460396
460503
460737
460751
460810
460991
461075
461139
461191
461366
461481
461670
461918
461929
462029
462069
462158
462166
462197
462266
462271
462294
462314
462563
462592
462701
462857
462879
462918
463495
463558
463633
463645
463952
463993
464105
464430
464525
464549
464777
464893
464932
464947
465002
465115
465189
465261
465442
465512
465562
465626
465657
465875
465974
465979
466004
466146
466194
466289
466327
466382
466467
466483
466788
466810
466821
467039
467046
467106
467234
467276
467324
467361
467455
467702
467798
467930
467935
468160
468226
468232
468232
468303
468482
469147
469168
469184
469366
469380
469492
469679
469976
470216
470380
470641
471008
471147
471652
471694
471704
471744
471994
472033
472053
472058
472064
472101
472154
472174
472223
472283
472296
472373
472374
472410
472438
472515
472612
472633
472692
472944
473067
473108
473152
473287
473348
473388
473438
473439
473495
473567
473819
473853
473950
474005
474193
474285
474841
474917
474976
474981
475082
475113
475154
475286
475623
475737
475789
475883
476021
476172
476175
476218
476224
476364
476660
476780
476845
476936
477009
477504
477583
477679
477694
477699
477752
477853
477949
478004
478145
478226
478257
478499
478538
478661
478823
478979
478999
479036
479138
479186
479279
479345
479703
479771
479782
479885
480021
480129
480153
480184
480550
480685
480709
480751
480869
480878
480879
481030
481106
481123
481135
481274
481397
481434
481660
481690
481700
481701
481724
481764
481776
481884
481940
482116
482131
482206
482280
482339
482362
482437
482438
482649
482781
482840
482884
482892
483036
483085
483162
483303
483316
483372
483445
483452
483538
483778
484028
484169
484362
484488
484654
484696
484833
484950
484999
485026
485056
485079
485165
485179
485213
485250
485269
485307
485374
485445
485487
485522
485746
486034
486052
486058
486128
486221
486310
486506
486530
486666
486729
486766
486766
486783
486877
486946
486980
487236
487330
487483
487512
487534
487783
487857
487927
488114
488116
488263
488323
488339
488613
488630
488636
488688
488777
488781
488788
488863
488875
488897
489022
489038
489210
489229
489423
489644
489949
489992
490061
490107
490118
490177
490248
490504
490591
490959
491027
491186
491243
491586
491755
491800
491953
491977
491982
491998
492335
492373
492425
492499
492631
492692
492728
492731
492747
492800
492803
492905
492930
492972
493053
493053
493080
493093
493161
493245
493320
493503
493634
493785
493787
493790
493854
494010
494151
494289
494676
494695
495011
495096
495191
495251
495274
495354
495390
495558
495632
495633
495688
495910
495924
496076
496144
496389
496414
496585
496593
496619
496664
496746
496780
496870
496983
497243
497247
497417
497502
497565
497640
497683
497762
497857
497886
497922
497987
497994
498187
498256
498415
498433
498481
498915
498922
498940
498980
499281
499297
499321
499430
499433
499465
499486
499599
499895
499950
500113
500154
500202
500335
500668
500721
500760
500838
500843
500941
500950
501082
501092
501163
501218
501240
501251
501255
501626
501653
501661
501666
501685
501832
501895
502091
502206
502308
502349
502400
502484
502533
502696
502734
502745
502799
502801
503157
503441
503595
503766
503812
504242
504350
504476
504598
504719
504827
504959
504980
505047
505177
505333
505365
505404
505530
505638
505642
505661
505735
505776
505904
505905
505954
506025
506200
506252
506457
506466
506518
506595
506645
506685
506748
506853
506915
506952
507092
507192
507433
507752
507888
507959
507986
508186
508341
508528
508606
508921
509174
509185
509192
509202
509317
509401
509578
509589
509848
509902
510023
510029
510062
510069
510076
510094
510139
510489
510499
510512
510539
510631
510635
510827
511021
511058
511146
511154
511237
511382
511414
511485
511559
511610
511625
511804
511941
511965
512028
512503
512505
512531
512650
512858
513271
513515
513620
513768
513899
513990
513994
514403
514500
514519
514629
514659
514919
514934
514995
515087
515260
515339
515728
515749
515802
515824
516021
516123
516270
516336
516499
516633
516645
516833
516898
516996
517115
517543
517553
517723
517875
518078
518107
518150
518423
518566
518732
518776
518845
518947
519019
519030
519112
519149
519422
519606
519640
519716
519836
519915
520005
520019
520092
520168
520269
520295
520407
520460
520498
520631
520737
520789
520797
520918
520958
520965
521090
521213
521297
521438
521450
521490
521668
521726
521838
522001
522215
522538
522636
522686
522757
522791
522957
523315
523447
523515
523541
523653
523678
523763
524081
524254
524403
524435
524471
524594
524643
524657
524763
524777
525033
525089
525092
525173
525187
525289
525339
525347
525398
525515
525724
525932
525963
526035
526048
526049
526110
526127
526343
526411
526508
526532
526587
526759
526797
526843
526873
527007
527092
527093
527249
527351
527490
527535
527645
527678
527773
527785
527851
527885
527886
527998
528010
528026
528119
528136
528221
528260
528370
528508
528560
528605
528627
528725
528780
528784
528787
529128
529154
529168
529242
529297
529339
529462
529490
529518
529715
529848
530018
530123
530568
530607
530616
530777
530938
530952
531187
531229
531234
531318
531336
531400
531426
531492
531738
531752
531794
531881
532031
532038
532074
532091
532124
532233
532339
532420
532428
532448
532621
532804
532892
532949
533153
533177
533185
533206
533257
533292
533302
533461
533764
533904
534070
534194
534319
534561
534569
534604
534628
534697
534702
534826
534911
535013
535128
535326
535680
535811
535883
536186
536221
536242
536258
536298
536404
536452
536492
536681
536753
536873
536879
536988
537114
537283
537475
537541
537736
537797
537945
537953
537967
538049
538075
538160
538274
538316
538386
538576
538714
538754
538773
538877
538954
539012
539234
539387
539414
539746
539794
539807
539847
539863
540075
540322
540471
540592
540637
540655
540959
541128
541201
541320
541320
541449
541468
541652
541655
541876
542104
542297
542394
542485
542553
542732
543001
543151
543363
543455
543483
543630
543664
543722
543751
543847
544032
544070
544207
544209
544405
544495
544518
544687
544720
544861
544874
545117
545123
545146
545183
545190
545290
545323
545533
545647
545657
545772
545820
546119
546350
546412
546413
546482
546523
546560
546620
546728
546849
546868
547042
547053
547247
547287
547451
547491
547519
547534
547597
547889
548121
548159
548211
548226
548334
548444
548480
548506
548634
548654
548850
548894
548901
549016
549109
549195
549207
549294
549373
549458
549484
549611
549730
549887
549909
550001
550001
550093
550395
550399
550446
550627
550658
551015
551045
551074
551138
551295
551394
551514
551633
551729
551742
551820
551921
552041
552044
552063
552065
552261
552293
552361
552368
552473
552878
552958
553146
553239
553286
553303
553902
554163
554182
554257
554294
554328
554421
554529
554595
554631
554739
554811
554831
555008
555233
555299
555366
555382
555432
555504
555567
555821
555898
556433
556669
556682
556829
556837
556917
556942
557051
557130
557142
557260
557302
557457
557508
557577
557630
557795
557970
558022
558184
558185
558289
558365
558628
558705
558875
558994
559090
559189
559277
559445
559784
560053
560116
560228
560305
560353
560540
560565
560903
560978
561018
561149
561342
561763
561811
561852
561859
561867
561908
561927
562244
562275
562421
562613
562649
562945
562957
562992
563037
563072
563181
563461
563491
563574
563645
563677
563729
563816
563924
563969
563970
564026
564030
564037
564045
564119
564182
564349
564350
564362
564401
564428
564480
564510
564525
564682
564810
564922
565081
565109
565135
565220
565483
565548
565625
565737
565744
566047
566092
566101
566124
566222
566586
566590
566592
566617
566737
566973
566995
567089
567177
567303
567454
567528
567578
567869
567971
568036
568111
568116
568155
568276
568290
568295
568384
568484
568547
568591
568612
568616
568830
568974
569051
569078
569518
569528
569538
569755
569792
569816
569839
570003
570037
570124
570370
570504
570524
570569
570714
570878
570919
571076
571083
571137
571192
571220
571472
571475
571522
571677
571909
572202
572322
572463
572483
572525
572553
572589
572601
572725
572761
572886
572935
572965
572996
573032
573191
573268
573273
573390
573559
573640
573769
573790
573876
573917
573924
574011
574048
574246
574358
574449
574635
574682
574801
574872
574882
574882
574887
575023
575027
575056
575178
575205
575226
575260
575413
575676
575765
575805
575986
576388
576509
576770
576803
576914
576987
577054
577057
577091
577120
577122
577216
577559
577616
577690
577718
577770
577822
577948
577956
577963
578186
578341
578354
578411
578673
578762
578912
579530
579531
579561
579593
579791
579826
579860
579920
579958
579988
580059
580149
580150
580226
580282
580744
580859
580957
581032
581079
581086
581163
581221
581226
581324
581515
581659
581734
581876
581905
582023
582315
582474
582664
582735
582799
582865
582985
583195
583223
583362
583398
583675
583958
583960
584176
584179
584264
584492
584523
584545
584633
584927
585120
585205
585258
585312
585426
585472
585478
585542
585745
585770
585923
586048
586128
586254
586284
586311
586319
586388
586405
586432
586442
586455
586528
586766
586903
586989
587011
587254
587542
587600
587660
587665
587750
587760
587771
587942
588011
588156
588474
588474
588723
588736
588849
589103
589325
589339
589473
589675
589735
589771
589791
589799
589844
589866
589888
590072
590078
590180
590256
590590
590765
590824
590865
591002
591026
591139
591308
591334
591440
591486
591742
591752
591804
591844
591845
591957
592008
592203
592277
592290
592327
592334
592431
592478
592480
592586
592595
593010
593589
593589
593630
594057
594215
594302
594339
594374
594457
594465
594697
594767
594814
594861
594918
595011
595022
595074
595097
595380
595508
595513
595520
595613
595622
595853
595892
595956
596029
596064
596083
596200
596234
596366
596492
596534
596803
596855
596875
596911
596980
597032
597238
597513
597582
597698
597914
597939
598089
598095
598167
598296
598370
598388
598457
598514
598623
598922
598957
599027
599163
599172
599174
599179
599258
599300
599311
599372
599384
599402
599619
599722
599919
600117
600361
600469
600487
600769
600867
600930
600938
600940
601070
601157
601241
601282
601315
601412
601478
601485
601568
601863
601912
602186
602255
602408
602483
602532
602752
602881
603198
603207
603219
603565
603745
603786
603940
604016
604081
604107
604139
604173
604223
604296
604592
604753
604784
604876
605197
605206
605270
605356
605494
605683
605807
605841
605987
606032
606221
606230
606300
606368
606442
606628
606633
606669
606753
606994
607026
607328
607396
607582
607779
608253
608254
608414
608488
608944
608995
609000
609233
609339
609430
609464
609498
609524
609598
609663
609782
609823
609966
610071
610160
610196
610268
610331
610391
610391
610417
610639
610720
610747
611014
611099
611256
611343
611409
611410
611449
611770
611790
611820
611886
612439
612496
612596
612602
612604
612763
612849
612959
612981
612995
613081
613091
613134
613193
613281
613301
613465
613545
613693
613748
614082
614149
614255
614417
614511
614513
614537
614704
614710
614946
615055
615166
615209
615222
615253
615304
615538
615609
615648
615859
615949
616039
616094
616368
616423
616468
616533
616554
616614
616668
617015
617059
617091
617122
617140
617267
617320
617405
617457
617546
617569
617659
617753
617841
617964
618017
618164
618236
618349
618460
618770
618790
618834
619041
619072
619100
619204
619429
619435
619592
619604
619923
620094
620130
620370
620392
620421
620548
620603
620727
620848
620893
620975
620985
621140
621224
621233
621380
621710
621862
621931
621968
622011
622281
622342
622445
622560
622591
622626
622652
622654
622720
622777
622789
622929
623017
623206
623287
623293
623293
623403
623446
623656
623728
624029
624031
624109
624150
624221
624491
624583
624772
624875
624893
625012
625290
625380
625396
625421
625524
625565
625567
625584
625673
625677
625727
625765
625769
625916
625998
626005
626033
626064
626400
626409
626448
626607
626724
626771
626799
626887
627016
627019
627171
627306
627512
627540
627803
627840
627894
627941
628238
628357
628447
628762
628789
628956
628984
629391
629507
629701
629780
629906
629923
629936
630215
630251
630257
630304
630388
630420
630512
630604
630632
630751
630773
630775
630793
630845
630889
630905
630960
630990
631158
631209
631257
631287
631361
631439
631455
631486
631499
631541
631809
631942
632098
632161
632228
632498
632555
632557
632563
632731
632822
632854
632904
633083
633137
633179
633193
633400
633612
633623
633726
633766
633776
633998
634059
634144
634295
634316
634488
634492
634855
634882
634982
635083
635244
635246
635252
635281
635325
635446
635587
635591
635625
635767
635872
635878
636010
636027
636143
636158
636273
636353
636435
636480
636498
636548
636640
636673
636938
636989
637040
637094
637199
637267
637289
637607
637651
637675
637808
637861
638020
638053
638147
638228
638368
638566
638589
638677
638678
638893
639044
639061
639126
639137
639169
639191
639282
639403
639518
639634
639747
639838
639843
640066
640094
640296
640550
640587
640735
640778
640845
640970
641122
641147
641217
641238
641365
641402
641554
641629
641751
642157
642166
642177
642235
642356
642738
643180
643253
643316
643385
643461
643493
643566
643794
643820
643974
644008
644042
644146
644296
644428
644439
644533
644664
644696
644815
644824
645073
645107
645296
645484
645486
645533
645538
645818
646386
646436
646493
646552
646579
646704
646711
647227
647241
647278
647339
647495
647660
647847
647893
647974
648000
648095
648142
648392
648401
648407
648609
648726
648820
648989
649175
649292
649393
649716
649718
649746
650032
650123
650272
650301
650303
650352
650353
650502
650574
650635
650762
650846
651091
651108
651134
651148
651184
651341
651378
651652
651692
651787
651794
651857
651863
651899
652302
652312
652492
652544
652950
653039
653156
653303
653408
654075
654124
654187
654437
654461
654505
654526
654540
654762
654819
654840
654945
654968
655053
655112
655117
655158
655159
655191
655196
655229
655302
655327
655353
655423
655458
655519
655576
655576
655607
655695
655719
655733
655788
655804
656132
656396
656624
656700
657146
657236
657371
657521
657730
657817
657902
658082
658094
658298
658322
658347
658435
658456
658790
658925
659091
659205
659789
659815
659818
659952
660056
660104
660183
660286
660503
660613
660703
660715
660735
661055
661146
661174
661180
661343
661448
661636
661689
661736
661741
661764
661806
662274
662559
662720
662880
663198
663220
663249
663325
663361
663749
663777
663793
663852
663994
664164
664225
664285
664328
664542
664702
664778
664872
664967
665044
665131
665154
665155
665169
665220
665385
665417
665736
665740
665789
665852
666021
666051
666068
666118
666173
666316
666467
666501
666650
666704
666764
666793
666794
666825
666833
666853
666902
667123
667127
667344
667394
667502
667694
667944
667998
668112
668206
668364
668551
668624
668629
668681
668775
668784
669161
669207
669224
669325
669440
669460
669516
669532
669538
669585
669615
669664
669741
669792
669937
670038
670086
670123
670286
670317
670350
670425
670719
670801
670806
670814
670851
670882
670983
671166
671172
671376
671445
671564
671752
671754
671759
671823
671941
672001
672025
672071
672155
672320
672441
672606
672635
672783
672876
673185
673288
673339
673369
673391
673627
673882
673949
674147
674167
674396
674418
674446
674495
674535
674641
674782
674783
674884
674984
675260
675331
675551
675634
675743
675867
675953
676012
676149
676224
676259
676273
676291
676368
676440
676538
676663
676782
676837
676865
676898
677340
677418
677436
677468
677538
677622
677667
677694
677717
678003
678075
678155
678173
678174
678241
678424
678468
678506
678649
678685
678859
678963
679470
679664
679709
679743
679781
680016
680018
680130
680168
680229
680281
680297
680389
680429
680459
680559
680589
680838
681000
681019
681244
681342
681417
681522
681627
681702
681801
681806
681861
681876
681877
681884
681921
681975
681983
682196
682290
682414
682444
682472
682512
682669
682684
682751
682775
682789
682821
682823
682857
682904
683085
683120
683170
683174
683190
683220
683397
683402
683403
683412
683501
683953
684099
684112
684294
684367
684410
684563
684761
684921
685205
685695
685888
686029
686044
686155
686227
686579
686583
686896
686974
687005
687112
687167
687297
687307
687531
687681
687684
687849
687919
688046
688051
688302
688411
688454
688519
688652
688700
688989
689013
689195
689481
689571
689917
690016
690120
690294
690306
690579
690626
690868
690885
690930
690958
690968
691087
691109
691201
691313
691430
691472
691606
691643
691647
691704
691735
691761
691975
692035
692118
692331
692377
692607
692762
692770
692780
692812
692819
692876
692994
693054
693059
693245
693409
693592
694003
694067
694082
694223
694242
694996
695057
695171
695190
695231
695316
695480
695551
695568
695631
695705
695777
695798
695984
696038
696174
696183
696224
696435
696487
696634
696777
696855
697057
697147
697247
697454
697565
697603
697699
697737
698023
698026
698078
698394
698447
698506
698524
698569
698626
699027
699081
699240
699356
699656
699776
699846
699865
699897
699927
699972
700010
700216
700224
700272
700573
700699
700754
700989
701101
701105
701130
701148
701149
701161
701200
701270
701314
701462
701493
701519
701520
701533
701535
701659
701682
701746
701812
701993
702450
702650
702941
702944
703024
703163
703183
703419
703447
703662
703785
703850
703868
704072
704113
704136
704205
704313
704325
704412
704485
704485
704518
704581
704617
704796
704852
704939
705107
705290
705360
705400
705436
705458
705486
705690
705710
705979
706126
706138
706141
706181
706506
706541
706647
706704
706713
706802
706944
707034
707074
707131
707205
707238
707246
707277
707300
707304
707329
707442
707480
707540
707630
707654
707662
707757
707775
707847
707975
707997
708313
708374
708428
708625
708675
708726
709361
709364
709428
709433
709520
709539
709673
709878
709879
709943
710049
710236
710555
710647
710668
710679
710819
710872
710936
711089
711190
711381
711509
711564
711703
711850
711873
711981
712023
712376
712476
712995
713053
713080
713118
713171
713172
713256
713271
713308
713458
713469
713716
713814
713846
713858
713861
713886
713933
713943
713979
714087
714141
714201
714375
714440
714674
714683
714733
714798
714926
714937
715005
715175
715232
715235
715400
715489
715638
715985
716116
716227
716255
716271
716454
716465
716492
716509
716576
716599
716771
716908
716929
716951
716956
717041
717081
717246
717276
717278
717293
717581
717648
717774
717965
718055
718116
718295
718393
718567
718810
718861
718873
718902
718902
718942
719074
719076
719216
719224
719259
719330
719348
719389
719802
719938
720083
720168
720172
720485
720613
720737
720750
720766
720801
720835
720897
720910
720941
721063
721112
721386
721459
721594
721819
721820
721873
721894
721992
722032
722033
722040
722106
722107
722137
722163
722172
722363
722386
722402
722460
722490
722593
722663
722835
722895
722958
723111
723190
723200
723202
723354
723562
723600
723783
723804
723958
724071
724119
724137
724345
724491
724587
724790
724902
725017
725050
725062
725170
725219
725327
725352
725379
725394
725399
725716
725842
725893
726037
726095
726175
726197
726230
726357
726503
726645
726660
726791
726814
726823
726897
726953
726965
727002
727023
727208
727356
727459
727524
727551
727699
727863
728060
728141
728258
728279
728634
728674
728802
728872
728906
728944
728954
728962
729086
729405
729707
729913
730116
730118
730292
730436
730758
730762
730850
730970
730976
731157
731245
731323
731460
731660
731720
731735
731924
732033
732036
732120
732493
732620
732794
732836
732992
733237
733273
733429
733465
733503
733544
733606
733683
733761
733769
733894
733938
734017
734132
734272
734373
734431
734562
734570
734673
734689
734841
734870
734876
734918
734969
735046
735047
735140
735180
735306
735328
735552
735658
735668
735740
736078
736275
736335
736626
736636
736763
736858
736906
736951
736981
736997
737078
737184
737257
737459
737522
737643
737835
737840
737916
738089
738382
738486
738543
738557
738678
738724
738995
739003
739071
739205
739221
739405
740061
740180
740259
740287
740418
740435
740447
740449
740481
740576
740800
740888
740939
741187
741448
741529
741634
741667
741904
741933
742200
742367
742588
742675
742780
742793
742850
743016
743049
743119
743259
743294
743364
743426
743829
743872
743885
743980
744047
744169
744263
744428
744477
744487
744496
744613
744673
744725
744777
744777
744811
745017
745083
745105
745227
745414
745488
745702
745797
746101
746249
746254
746410
746624
746655
746710
746868
746939
747036
747178
747271
747294
747319
747335
747367
747414
747442
747481
747543
747661
748050
748250
748305
748387
748460
748473
748566
748696
748707
748718
748897
749078
749111
749117
749154
749253
749339
749565
749763
750051
750073
750128
750186
750254
750266
750471
750561
750614
750723
750753
750887
751173
751403
751559
751884
752255
752385
752421
752538
752746
753124
753170
753203
753219
753319
753405
753642
753683
753768
753853
753870
753884
753918
753946
754098
754130
754140
754212
754349
754365
754673
754885
754977
755148
755563
755603
755630
755766
755776
755858
755997
756122
756256
756298
756338
756387
756446
756623
756837
756868
756931
757022
757102
757354
757408
757446
757472
757532
757662
757669
757806
757875
757938
757944
758116
758343
758355
758440
758826
758863
758874
759325
759355
759385
759602
759633
759810
759867
760005
760029
760060
760099
760182
760186
760494
760512
760620
760793
760957
761079
761153
761353
761564
761568
761659
761673
761745
761804
761846
761981
761996
762111
762327
762344
762381
762386
762508
762697
762797
762849
763102
763458
763697
763967
764032
764098
764240
764303
764442
764488
764672
764793
764794
764797
764814
764828
764902
764957
764980
765135
765221
765320
765382
765404
765595
765757
765827
765852
765871
766056
766075
766083
766367
766422
766461
766496
766608
766615
766632
766712
766768
766780
766839
766897
767213
767338
767522
767755
767876
768127
768216
768394
768482
768504
768654
768681
768735
768766
768897
769166
769257
769350
769409
769458
769484
769567
769586
769829
769883
769942
769972
770136
770326
770330
770387
770444
770520
770711
770797
770803
771000
771048
771149
771206
771475
771510
771586
771662
771801
772020
772071
772124
772212
772234
772480
772582
772603
772878
772882
772932
773198
773435
773440
773484
773587
773630
773756
774026
774064
774123
774186
774222
774315
774317
774406
774465
774509
774548
774565
774618
774697
774787
774931
774949
774969
775010
775096
775113
775122
775270
775275
775386
775474
775927
776050
776180
776255
776266
776712
776790
776845
777013
777125
777163
777184
777364
777377
777389
777610
777667
777694
777724
777750
777918
778017
778146
778175
778181
778398
778693
778828
778828
778847
779037
779111
779227
779269
779461
779465
779600
779705
779927
780128
780300
780651
780768
780922
780946
781272
781508
781645
781763
781810
781887
782069
782140
782340
782493
782692
782719
782853
782912
783348
783434
783631
783667
783727
784082
784109
784154
784195
784207
784284
784416
784600
784621
784698
784764
784786
784918
785292
785341
785426
785428
785490
785506
785523
785591
785634
785739
785752
785758
785819
785900
785905
786226
786252
786335
786338
786386
786528
786664
786667
786742
786772
787096
787158
787377
787401
787454
787582
787754
787758
787814
787884
787891
787989
788018
788160
788413
788777
788782
788789
788837
788924
788967
789062
789124
789236
789305
789348
789835
789918
789923
790001
790085
790267
790459
790527
790563
790656
790657
790666
790753
790866
790986
791138
791262
791312
791514
791631
791664
791694
791925
791958
792036
792293
792301
792346
792349
792406
792423
792502
792559
792623
792724
792856
793078
793107
793504
793640
793660
793789
793800
793946
794057
794114
794409
794521
794536
794608
794669
794759
794893
794960
795088
795150
795257
795366
795367
795430
795445
795651
796072
796100
796394
796467
796504
796522
796618
796728
796820
796939
797141
797354
797440
797565
797710
797756
797827
798202
798203
798298
798340
798383
798426
798817
798878
798942
798971
798986
799050
799130
799287
799367
799426
799634
799678
799752
799831
799843
799924
800030
800096
800308
800461
800553
800760
800805
800816
800835
800870
801028
801055
801153
801173
801181
801203
801284
801442
801443
801455
801511
801655
801876
802050
802056
802159
802181
802345
802398
802551
802671
802689
802942
803002
803069
803171
803193
803207
803375
803427
803669
803708
804171
804212
804315
804329
804415
804478
804486
804676
804712
804722
804735
804741
804774
804838
804899
804919
804978
805037
805128
805258
805545
805858
806051
806073
806238
806240
806591
806760
806773
806878
806931
807124
807222
807234
807394
807716
807764
807784
807878
807882
808010
808027
808274
808396
808416
808472
808585
808741
808780
808927
808940
809090
809167
809432
809451
809452
809492
809889
810012
810042
810150
810336
810436
810509
810512
810615
810673
810686
810947
811050
811236
811272
811320
811558
811577
811796
811797
812080
812280
812298
812661
812679
812722
812754
812811
812897
812949
812972
812974
812977
813070
813159
813271
813323
813362
813605
813720
813760
813938
814111
814282
814316
814612
814652
814780
814816
814904
815225
815277
815305
815380
815424
815494
815548
815939
815955
816050
816071
816098
816104
816134
816155
816168
816215
816220
816260
816339
816850
817034
817046
817084
817184
817201
817357
817537
817574
817689
817733
817857
818446
818509
818718
818771
818916
818955
818961
819068
819101
819290
819339
819353
819363
819439
819515
819519
819743
819949
819949
819965
820114
820531
820606
820659
820752
820758
820799
820974
820993
821123
821261
821533
821724
821955
821956
822040
822254
822376
822508
822516
822750
822806
822860
822940
823197
823293
823298
823352
823381
823523
823749
823809
823884
823888
824015
824071
824130
824259
824334
824495
824656
824706
824791
824807
824859
824910
825105
825311
825325
825333
825361
825559
825584
825604
825605
825630
825800
825916
826144
826264
826460
826567
826668
826693
826703
826722
826801
826896
826941
826969
827050
827124
827160
827267
827441
827549
827588
827834
827878
827984
828236
828258
828293
828487
828826
828923
828929
829090
829160
829294
829331
829357
829391
829481
829613
829832
829877
829904
830027
830041
830070
830110
830222
830235
830296
830304
830323
830365
830430
830465
830504
830540
830593
830643
830701
830763
830878
830940
831160
831224
831264
831585
831590
831636
831742
831979
832038
832056
832247
832291
832376
832933
832997
833023
833102
833163
833335
833386
833428
833428
833555
833661
833693
833713
833817
833850
833934
834346
834400
834447
834532
834684
834812
834853
834946
835090
835136
835171
835202
835312
835412
835495
835607
835608
835666
835733
835785
836299
836432
836458
836593
836679
836754
836767
836795
836825
836991
837209
837342
837390
837557
837568
837581
837643
837655
837700
837781
838155
838164
838179
838184
838280
838287
838425
838461
838558
838693
838762
838779
838809
838847
838989
839325
839366
839403
839441
839582
839639
839760
839851
839949
840006
840040
840146
840163
840187
840516
840553
840563
840575
840588
840594
840718
840870
841123
841197
841390
841505
841549
841551
841593
841726
841746
842053
842195
842292
842299
842339
842435
842631
842816
842943
843023
843024
843188
843428
843467
843485
843845
843881
843956
844006
844049
844083
844197
844230
844238
844550
844724
844788
845004
845014
845032
845082
845099
845204
845269
845289
845388
845520
845528
845591
845681
845746
846018
846053
846072
846135
846184
846238
846267
846333
846426
846552
846587
846768
846768
846854
846894
846977
847027
847177
847299
847451
847471
847749
847845
847918
848021
848145
848153
848205
848335
848341
848347
848432
848505
848787
848896
848916
849177
849192
849265
849308
849319
849492
849722
849762
849808
849810
850063
850084
850119
850244
850339
850343
850478
850532
850627
850682
850741
850772
851004
851013
851014
851172
851235
851320
851391
851426
851476
851486
851584
851601
851988
852004
852039
852481
852617
852623
852634
852701
852786
852790
852791
852795
852888
853023
853295
853384
853489
853646
853661
853814
853939
853942
854042
854062
854097
854098
854106
854194
854206
854224
854228
854338
854353
854387
854446
854602
854683
855237
855284
855657
855714
855727
855746
855866
855869
855938
856043
856098
856128
856142
856142
856258
856424
856468
856688
856737
856841
856988
857159
857344
857366
857413
857464
857675
857769
857976
858053
858054
858069
858089
858256
858570
858606
858860
858908
858988
859015
859226
859315
859324
859509
859551
859594
859928
859963
860081
860260
860279
860517
860542
860548
860558
860591
860596
860959
861027
861064
861120
861636
861727
861792
862310
862327
862416
862565
862566
862639
862802
862830
863078
863160
863478
863593
863770
863809
863821
863828
863873
863907
864326
864481
864840
864921
865128
865220
865277
865319
865322
865366
865451
865573
865725
865740
865840
865958
866225
866392
866408
866429
866473
866545
866557
867182
867422
867750
867970
868098
868146
868156
868189
868264
868312
868399
868448
868717
868784
868796
868837
868921
869145
869343
869388
869397
869401
869432
869451
869528
869818
869899
869906
869957
869986
870019
870037
870249
870254
870269
870288
870461
870496
870680
870791
870880
871000
871009
871043
871046
871053
871141
871166
871181
871222
871402
871502
872162
872249
872382
872531
872633
872657
872672
872710
872734
872743
872805
873165
873340
873435
873446
873478
873480
873501
873513
873515
873802
873849
873964
874026
874089
874133
874161
874211
874455
874686
874863
874951
874969
874974
875017
875057
875109
875286
875316
875351
875815
875909
875978
876130
876141
876229
876402
876567
876599
876647
876699
876723
876952
877014
877025
877108
877140
877171
877362
877502
877624
877728
877981
878070
878187
878516
878520
878539
878660
878673
879183
879519
879552
879613
879630
879842
880017
880123
880163
880299
880381
880533
880569
880685
880941
881304
881423
881504
881519
881530
881600
881759
882014
882112
882152
882164
882271
882328
882409
882475
882584
882606
882679
882893
883034
883088
883387
883666
883724
883852
883880
884025
884266
884396
884636
884665
884784
884942
885055
885154
885185
885196
885246
885249
885508
885808
885991
886105
886206
886271
886384
886463
886628
886687
886978
887057
887186
887198
887329
887392
887490
887569
887660
887693
887786
887803
887958
887989
888176
888244
888358
888611
888680
888731
888761
888786
888835
888837
888966
888980
889079
889260
889327
889408
889885
890048
890075
890115
890244
890371
890538
890698
890809
890982
891187
891254
891334
891434
891466
891638
891797
891884
892045
892161
892379
892438
892498
892613
892857
892936
892983
893069
893135
893141
893147
893403
893507
893608
893884
893916
893930
894232
894282
894461
894604
894610
894715
894818
894828
894840
894876
894996
895038
895291
895504
895669
895675
895730
895807
895841
895997
896152
896499
896651
896658
896755
897004
897485
897563
897588
897638
897652
897797
898012
898061
898111
898138
898397
898458
898500
898603
898702
898752
898927
898994
899220
899551
899758
899831
900004
900034
900178
900253
900257
900305
900352
900574
900658
900975
900980
900994
901004
901056
901068
901094
901111
901145
901404
901554
901593
901625
901632
901980
901984
902164
902255
902814
902918
903036
903141
903352
903566
903580
903653
904018
904405
904491
904586
905192
905499
905605
905611
905664
905751
905839
905917
906021
906049
906078
906158
906197
906197
906527
906577
906622
906630
906726
906829
907165
907231
907361
907370
907441
907526
907571
907651
907736
907854
908160
908251
908254
908490
908502
908520
908529
908548
908766
908775
908846
908968
909046
909202
909246
909341
909486
909576
909614
909618
909699
909810
909913
909962
909989
910072
910229
910258
910265
910276
910310
910364
910435
910442
910494
910498
910783
910825
910875
910886
910959
910977
911079
911180
911191
911225
911548
911563
911745
911786
911826
911917
912055
912267
912269
912470
912494
912549
912643
912664
912739
912843
912989
913027
913064
913208
913295
913373
913488
913700
913884
913901
913922
913970
914005
914085
914363
914398
914410
914522
914693
914800
914800
914857
915125
915209
915709
915741
915875
915881
915895
915896
915982
916029
916064
916066
916074
916090
916170
916240
916269
916354
916418
916487
916733
916894
916965
917092
917094
917216
917313
917358
917383
917669
917759
917927
918064
918075
918107
918121
918124
918245
918263
918602
918619
918746
918751
918865
918875
918943
918972
919159
919184
919189
919225
919265
919287
919358
919361
919411
919426
919447
919533
919567
919591
919770
919772
919906
919986
920038
920172
920245
920292
920488
920561
920822
920830
920852
920964
920996
921280
921664
921752
921772
921832
921995
922167
922186
922256
922326
922341
922351
922596
922886
922909
922951
923009
923201
923237
923279
923307
923439
923474
923492
923556
923598
923969
923973
924138
924215
924221
924304
924347
924393
924464
924554
924677
924783
924812
924938
924967
925238
925393
925537
925566
925575
925721
925786
925790
925974
926131
926143
926156
926210
926234
926243
926591
926754
927180
927193
927221
927301
927494
927532
927664
928040
928191
928237
928291
928311
928545
928843
928911
928980
929416
929446
929947
930039
930058
930067
930122
930142
930163
930164
930180
930242
930490
930698
930771
930792
930959
930983
931185
931497
931765
931809
931902
932069
932094
932146
932288
932587
932605
932652
932915
933007
933022
933138
933150
933199
933213
933610
933610
933620
933720
933927
933931
933990
934031
934035
934046
934303
934396
934444
934451
934683
934702
934762
935226
935247
935396
935500
935666
935695
936070
936136
936271
936515
936585
936636
936868
936952
937120
937264
937346
937463
937673
937718
937732
937987
938149
938157
938270
938329
938349
938416
938445
938574
938620
938699
938717
938993
939013
939119
939255
939414
939443
939544
939561
939884
939951
940042
940086
940087
940183
940310
940404
940457
940701
940865
940910
941036
941062
941238
941341
941457
941484
941497
941604
941728
941743
942085
942212
942307
942374
942439
942471
942491
942709
942916
942916
943003
943171
943265
943705
943880
943939
943989
944095
944095
944264
944298
944427
944460
944465
944539
944573
944648
944650
944658
944976
945128
945229
945266
945308
945487
945550
945629
945941
946106
946245
946250
946277
946291
946307
946369
946414
946550
946632
946794
946845
947041
947051
947119
947209
947209
947366
947645
947677
947678
947684
947779
947950
947983
947988
948004
948028
948088
948152
948247
948400
948415
948480
948522
948866
948891
949023
949115
949153
949164
949222
949563
949730
949759
949884
949964
950070
950082
950088
950122
950177
950186
950304
950846
950880
951142
951318
951576
951605
951680
951700
951996
952074
952280
952366
952386
952487
952628
952741
952774
952788
952847
952861
952921
953046
953055
953064
953165
953220
953312
953447
953612
953642
953666
953877
953959
953964
953968
954032
954068
954166
954327
954403
954631
954674
954887
955051
955126
955260
955381
955432
955771
955951
955972
956354
956713
956813
956831
956846
957436
957539
957620
957677
957687
957771
957773
957864
958027
958091
958425
958449
958517
958573
958996
959058
959156
959220
959295
959500
959576
959639
959656
959710
959737
959819
959864
960250
960392
960411
960596
960629
960801
961077
961127
961255
961297
961353
961472
961679
961686
961688
961856
961878
961997
962074
962103
962500
962507
962564
962575
962847
962932
963007
963288
963290
963410
963524
963628
963638
963760
963953
964125
964191
964193
964522
964647
964680
964936
965014
965069
965196
965375
965469
965515
965537
965557
965679
965709
966009
966036
966067
966143
966149
966376
966463
966692
966707
966848
966948
967037
967051
967060
967137
967229
967237
967250
967487
967501
967523
967600
967621
967654
967721
967870
967873
967877
968158
968378
968635
968966
969091
969100
969377
969447
969589
969710
969762
969796
969907
969968
970279
970290
970409
970514
970562
970727
970780
970809
970818
970868
970879
971017
971114
971323
971475
971714
971726
971733
971844
971908
971924
971976
972404
972417
972472
972619
972672
972798
972835
972926
973021
973591
973703
973815
973847
973871
973942
974018
974103
974112
974323
974391
974502
974801
974802
974831
975230
975358
975429
975639
975669
975881
975927
975978
976024
976257
976362
976415
976441
976505
976554
976653
976763
976784
977337
977413
977441
977467
977497
977554
977622
977805
977882
977904
977971
977971
978009
978165
978198
978273
978516
978850
979003
979245
979569
979716
979759
979780
979846
979865
979969
979982
980108
980131
980228
980286
980437
980456
980519
980538
980710
980824
981092
981337
981351
981575
981712
981973
982066
982271
982279
982346
982353
982431
982639
982690
982766
982913
982933
982993
983044
983086
983157
983202
983296
983346
983411
983422
983534
983567
983644
983652
983804
984129
984200
984211
984235
984240
984273
984471
984537
984547
984672
984705
984908
984987
985092
985191
985199
985199
985290
985321
985588
985672
985700
986157
986208
986238
986264
986333
986452
986667
986736
986752
986754
986777
987038
987067
987084
987086
987193
987334
987415
987422
987437
987523
987596
987739
987776
987799
987953
988174
988229
988308
988539
988628
988668
988751
988790
988865
988871
988922
989042
989207
989390
989605
989675
989693
989741
989877
989935
989944
989960
990173
990260
990513
990546
990816
990964
991046
991182
991183
991219
991275
991384
991403
991491
991514
991608
991719
991833
992107
992110
992200
992210
992238
992300
992371
992448
992709
992726
992734
992893
992939
992956
992974
993018
993259
993274
993346
993382
993446
993624
993731
993805
993881
993985
994110
994314
994425
994550
994571
994585
994662
994949
994985
995128
995154
995556
995593
995668
995688
995797
995960
995992
996178
996338
996496
996512
996683
996743
996798
996816
996828
996966
997000
997111
997339
997685
997811
997813
997827
997946
998055
998171
998214
998215
998305
998402
998501
998876
999117
999213
999242
999278
999343
999382
999518
999960
