196
543
1042
1143
1204
1218
1330
1677
1816
1852
1914
2019
2037
2037
2077
2259
2317
2397
2429
2429
2615
2637
2743
2884
3056
3117
3253
3254
3303
3619
3658
3694
3739
3760
3773
3878
3985
3997
4034
4130
4156
4319
4367
4486
4604
4845
5214
5272
5374
5442
5485
5548
5616
5632
5634
5693
5857
5884
5895
5952
6058
6059
6157
6198
6368
6438
6470
6863
6916
7025
7261
7311
7402
7439
7493
7518
7593
7708
7945
8174
8296
8328
8568
8623
8624
8724
8740
8764
8900
9024
9038
9051
9176
9183
9324
9460
9483
9545
9695
9905
9942
9949
10050
10054
10076
10348
10563
10775
10783
10816
10978
10984
11079
11129
11270
11370
11521
11563
11757
12033
12145
12372
12450
12510
12525
12555
12628
12745
12773
12818
12859
12885
13020
13029
13153
13236
13263
13409
13691
13725
13821
14183
14241
14248
14752
14774
14869
14998
15120
15270
15271
15452
15460
15462
15479
15758
15814
15815
15927
16329
16371
16623
16738
16748
17287
17516
18069
18108
18113
18142
18260
18366
18423
18461
18496
18550
18658
18720
18734
19008
19253
19268
19315
19425
19432
19511
19720
19753
19832
19927
19992
20105
20139
20182
20276
20294
20305
20386
20645
20655
20722
20813
20865
20955
20956
21071
21079
21116
21197
21481
21525
21542
21557
21784
21934
22049
22103
22169
22279
22362
22381
22527
22529
22544
22571
22578
23074
23162
23229
23244
23298
23528
23740
24013
24120
24171
24275
24327
24333
24673
24764
24801
25014
25347
25402
25557
25703
25798
25873
25949
26067
26101
26123
26162
26181
26185
26334
26348
26439
26909
27059
27108
27118
27130
27180
27311
27358
27587
27762
27847
28140
28256
28296
28384
28778
28788
28839
28914
29219
29223
29445
29613
29673
29830
30164
30215
30291
30351
30366
30407
30637
30655
30677
30696
30798
30841
30921
30951
30983
31182
31207
31324
31416
31711
31894
32534
32764
32889
33219
33398
33483
33484
33534
33556
33585
33714
34016
34084
34297
34365
34515
34585
34683
35153
35165
35374
35466
35520
35683
35777
35829
36047
36143
36170
36239
36244
36381
36667
36709
36945
36967
37159
37210
37320
37339
37564
37603
37628
37642
37682
37729
37731
37932
38043
38049
38073
38381
38435
38466
38477
38495
38725
38772
38784
38994
39037
39167
39414
39530
39674
39909
39984
40131
40171
40354
40692
40716
40815
40816
40893
41080
41119
41325
41389
41614
41636
41985
42040
42093
42097
42201
42279
42420
42692
42923
42973
42974
43061
43118
43127
43227
43340
43397
43527
43530
43554
43872
43957
44020
44208
44449
44571
44665
44911
45011
45021
45108
45160
45196
45269
45374
45476
45658
45664
45991
46062
46235
46326
46407
46548
46631
46683
46711
46720
46758
46781
46861
46952
47073
47085
47257
47290
47293
47379
47436
47478
47612
47690
47741
47941
48095
48123
48155
48492
48535
48686
48699
48758
48808
48839
48919
48997
49088
49325
49339
49389
49398
49480
49537
49557
49597
49699
49726
50381
50415
50462
50470
50491
50605
50820
51018
51113
51214
51253
51255
51288
51328
51334
51376
51382
51582
51704
51904
51949
51953
51959
52014
52072
52099
52135
52142
52247
52336
52337
52472
52658
52753
52782
52784
52883
52921
52991
53302
53309
53330
53464
53473
53539
53552
53621
53655
53790
53912
53971
54331
54346
54390
54405
54465
54715
54828
54886
54947
54953
54963
54990
55200
55251
55332
55389
55420
55724
55960
55973
56028
56046
56328
56391
56565
56578
56583
56704
56714
56774
56792
56987
57539
57657
57741
57861
58080
58121
58125
58187
58359
58479
58590
58616
58703
58773
58931
58963
59017
59054
59094
59187
59268
59304
59441
59497
59602
59656
59669
59671
59829
59903
59904
59940
60084
60205
60528
60637
60738
60798
60818
60939
61029
61092
61181
61190
61222
61273
61365
61430
61445
61591
61619
61917
61924
61979
62105
62223
62372
62513
62539
62616
62746
62749
63049
63062
63242
63275
63286
63429
63497
63519
63770
63806
63811
63889
63950
63951
63978
63982
64091
64148
64172
64266
64282
64320
64496
64566
64703
65039
65099
65204
65275
65282
65570
65571
65626
65760
65763
65783
65809
65829
65891
65991
66380
66446
66503
66582
66612
66648
66674
66676
66737
66956
67060
67256
67336
67496
67545
68158
68170
68307
68506
68647
68698
68804
68815
68835
68914
69113
69300
69470
69504
69558
69830
69832
69997
70026
70143
70158
70162
70189
70203
70323
70398
70513
70586
70689
70846
70899
70909
71129
71294
71469
71723
71797
72012
72035
72160
72444
72447
72480
72707
72822
72831
72899
72933
72976
73005
73008
73012
73182
73206
73264
73342
73516
73712
73722
73797
73873
73913
73927
73957
74060
74103
74123
74164
74308
74333
74337
74473
74543
74634
74682
74882
75089
75092
75106
75106
75167
75234
75388
75465
75485
75582
75776
75788
76129
76204
76320
76427
76485
76517
76738
76865
76869
76973
77406
77591
77632
77669
77689
77750
77906
77941
78112
78317
78426
78449
78463
78543
78574
78591
78961
79008
79237
79255
79503
79794
79867
79874
79907
79917
79926
80026
80056
80353
80360
80398
80806
80810
80942
81018
81036
81041
81097
81202
81244
81277
81283
81532
81796
81923
81940
82009
82060
82163
82213
82217
82451
82568
82821
82984
83088
83200
83351
83506
83550
83716
83759
83765
83776
83847
83878
83893
84008
84073
84224
84555
84675
84701
84744
84993
85212
85256
85262
85436
85539
85693
85740
85771
85845
85906
86036
86200
86204
86290
86317
86414
86512
86513
86716
86835
86855
86900
86920
87033
87340
87361
87823
87860
88044
88276
88372
88474
88506
88735
88853
88958
88972
89026
89041
89143
89236
89281
89481
89645
89661
89822
89856
89976
90023
90138
90210
90210
90435
90501
90555
90588
90655
90736
90759
90950
91107
91116
91134
91332
91455
91484
91543
91752
91789
91864
91955
92053
92063
92071
92100
92162
92261
92454
92474
92623
92647
92804
92876
92951
93000
93100
93135
93137
93279
93321
93329
93409
93610
93972
94675
94764
94790
94884
95061
95127
95171
95236
95252
95309
95368
95512
95575
95785
95895
96221
96341
96549
96771
96812
96829
96860
96915
96984
97107
97128
97298
97364
97512
97924
97967
98043
98225
98262
98339
98358
98366
98383
98389
98543
98575
98652
98887
98905
98998
99043
99138
99142
99159
99186
99231
99310
99483
99571
99607
99737
99888
99897
99955
100227
100422
100543
100688
100736
100976
100985
101217
101324
101348
101365
101444
101493
101519
101556
101582
101750
101969
102061
102252
102362
102565
102609
102697
102749
102875
102966
103204
103327
103450
103472
103587
103606
103628
103693
103812
103851
103855
103858
103902
103994
104104
104146
104178
104279
104338
104367
104607
104718
104749
104774
104796
104802
104813
105001
105133
105161
105253
105255
105310
105381
105476
105518
105642
105646
105692
105782
105801
105821
105831
105944
106106
106372
106377
106506
106557
106570
106724
106745
106823
107031
107163
107188
107613
107717
107757
107760
107776
108067
108107
108141
108161
108224
108327
108375
108484
108514
108527
108589
108652
108663
108691
108835
108916
109023
109077
109159
109197
109286
109307
109358
109592
109628
109935
109974
110138
110245
110262
110292
110663
110764
110869
110902
110978
110984
111094
111096
111120
111147
111283
111398
111465
111603
111673
111696
111700
111748
111769
111781
111871
111883
111985
112236
112291
112365
112508
112727
112759
112812
112859
113103
113183
113255
113402
113418
113418
113523
113573
113698
113811
113883
114062
114096
114191
114221
114236
114251
114272
114346
114378
114463
114880
114922
114934
115096
115208
115317
115383
115601
115635
115679
115871
115944
115948
116079
116114
116309
116361
116459
116684
116833
116847
116909
116926
117098
117422
117447
117541
117713
117873
117890
117930
118139
118486
118664
118727
118813
118992
119007
119228
119446
119574
119660
119707
119812
119868
119907
119948
120047
120088
120180
120326
120366
120506
120674
120845
120911
120956
121133
121317
121326
121379
121845
121866
121902
121941
121968
122138
122472
122523
122737
122766
122813
122949
123006
123034
123113
123492
123499
123538
123573
123681
123863
123913
124047
124114
124168
124203
124455
124485
125089
125094
125124
125144
125200
125530
125601
125872
126048
126101
126183
126267
126378
126413
126662
126718
126768
126807
126889
126916
127085
127193
127206
127278
127295
127367
127486
127614
127699
127732
128014
128169
128352
128391
128545
128581
128627
128754
128771
129212
129331
129355
129423
129429
129451
129451
129560
129565
129688
129695
129733
129775
129901
129924
129940
130224
130342
130385
130398
130539
130564
130583
130726
130877
130878
131013
131134
131143
131258
131496
131502
131545
131563
131575
131681
131722
131745
131919
131987
132237
132424
132509
132741
132821
132824
132839
132867
132973
132999
133013
133074
133118
133343
133348
133447
133534
133544
133595
133600
133649
133653
133758
133764
133795
133844
133871
133976
134094
134142
134239
134312
134510
134716
134742
134839
134850
134894
134936
135004
135099
135205
135211
135419
135461
135565
135659
135661
135673
135854
135899
135941
136001
136024
136133
136414
136554
136577
136604
136643
136823
136870
137023
137057
137092
137101
137104
137184
137347
137361
137372
137384
137406
137436
137469
137474
137483
137619
137660
137698
137844
138098
138183
138200
138223
138260
138321
138887
138899
138961
139043
139051
139204
139345
139523
139716
139773
139861
139861
139883
140016
140124
140423
140801
140810
140817
141220
141281
141312
141335
141671
141843
142024
142173
142317
142480
142536
142742
142757
142792
142849
142854
142894
142971
143030
143041
143113
143145
143152
143189
143319
143375
143410
143456
143651
143656
143667
143753
143916
143917
143998
144020
144163
144212
144249
144266
144367
144498
144572
144770
145036
145334
145381
145549
145576
145622
145646
145716
145961
146052
146175
146222
146425
146433
146514
146542
146706
146765
146885
146984
147028
147056
147135
147163
147293
147343
147442
147478
147500
147585
147768
147889
147984
148066
148150
148223
148302
148362
148484
148650
148675
148808
148863
148895
149013
149281
149500
149638
149642
149687
149743
149778
149891
150019
150100
150229
150337
150484
150491
150527
150539
150589
150683
150768
150831
150842
150928
151039
151054
151306
151341
151359
151446
151507
151555
151578
151631
151786
151842
151936
151945
151947
152058
152180
152182
152243
152396
152401
152508
152742
152744
152916
152955
153050
153083
153405
153418
153709
153820
153846
153954
153958
153978
154069
154144
154161
154386
154452
154485
154500
154507
154520
154600
155306
155733
155783
155813
155919
155944
155977
156001
156109
156140
156194
156248
156252
156306
156334
156350
156425
156461
156510
156547
156556
156626
156673
156682
156705
156811
156826
156839
157086
157326
157518
157723
157976
158053
158061
158158
158182
158198
158301
158378
158525
158682
158893
159051
159141
159247
159282
159483
159519
159539
159587
159663
159703
159981
160401
160481
160650
160755
160788
161029
161060
161106
161156
161187
161249
161353
161505
161639
161669
161700
161705
161731
161746
161748
161926
161952
162039
162097
162213
162483
162837
162923
162988
162991
163249
163303
163331
163390
163585
163851
163953
164020
164051
164090
164104
164169
164209
164213
164247
164255
164373
164646
164648
164860
165085
165329
165365
165428
165555
165627
165662
165900
165932
166027
166058
166069
166187
166202
166348
166370
166371
166897
166974
166982
167080
167172
167237
167240
167514
167614
167934
167996
168117
168155
168244
168298
168344
168386
168510
168603
168777
168881
169008
169021
169070
169184
169432
169453
169466
169714
170068
170124
170429
170461
170531
170631
170885
170912
171124
171236
171278
171280
171368
171391
171394
171435
171584
171644
171648
171761
171765
171891
171965
172006
172111
172501
172604
172758
173094
173661
173702
173738
173788
174037
174144
174174
174214
174342
174754
174787
174808
175004
175289
175375
175425
175635
175651
175747
175827
175871
175938
175997
176046
176075
176152
176165
176198
176201
176284
176316
176398
176736
176746
176757
176888
176901
177298
177305
177365
177427
177449
177468
177501
177503
177537
177672
177675
177716
177809
177809
177881
178007
178032
178193
178405
178406
178416
178431
178553
178583
178684
178741
178850
178958
179017
179089
179224
179240
179245
179336
179443
179553
179679
179687
179822
180037
180069
180081
180214
180370
180393
180821
180838
180892
180931
181086
181116
181154
181517
181520
181541
181659
181705
181787
181793
181805
181932
181978
182071
182238
182275
182541
182669
182995
183050
183084
183311
183357
183409
183461
183559
183603
183640
183948
183971
184037
184112
184210
184288
184311
184342
184445
184692
184710
184738
184791
184823
184892
184907
184908
185033
185190
185480
185582
185606
185620
185639
185703
185764
185838
185898
186085
186288
186398
186404
186553
186613
186634
186701
186726
186760
186916
186942
187269
187291
187430
187456
187480
187598
187600
187602
187623
187635
187787
187842
187891
187931
188063
188091
188107
188113
188233
188254
188387
188439
188536
188622
188759
189066
189173
189342
189396
189547
189553
189586
189727
189902
189994
190181
190206
190433
190434
190466
190602
190771
191152
191228
191275
191410
191451
191493
191535
191587
191652
191675
191676
191712
191723
191744
191779
191937
191998
192012
192061
192161
192213
192278
192409
192426
192473
192518
192653
192717
192729
193263
193285
193371
193435
193703
193780
193793
193971
193995
194002
194047
194081
194239
194364
194440
194444
194526
194568
194688
194782
194916
194976
195041
195084
195092
195187
195321
195465
195723
195800
195934
196007
196010
196040
196046
196074
196337
196847
196868
197039
197077
197175
197385
197494
197504
197586
197662
197732
197764
197836
197923
198090
198092
198110
198220
198234
198261
198273
198377
198409
198490
198542
198575
198748
198754
198847
198849
198868
199113
199218
199218
199232
199324
199358
199503
199532
199639
199672
199837
200020
200108
200156
200158
200179
200229
200266
200396
200638
200775
200918
200982
201282
201365
201477
201485
201564
201565
201655
201825
201877
202119
202155
202170
202274
202313
202335
202400
202499
202515
202610
202611
202639
202677
202843
202904
202941
202972
203063
203222
203277
203309
203430
203575
203584
203658
203999
204209
204294
204389
204601
204677
204782
204784
204839
204840
205040
205113
205147
205246
205263
205448
205529
205649
205757
205895
206062
206254
206421
206456
206560
206583
206745
206751
206842
207118
207139
207203
207304
207518
207535
207566
207624
207757
208053
208074
208291
208297
208318
208377
208390
208560
208567
208842
208966
209039
209116
209204
209227
209358
209404
209420
209564
209592
209660
209912
209995
210008
210297
210423
210467
210640
210669
210859
210900
210974
211110
211128
211168
211233
211289
211309
211323
211457
211680
211697
211717
211719
211799
211859
211870
211901
211933
211969
212063
212170
212242
212247
212405
212613
212628
212667
212741
212820
212892
212935
212957
213088
213251
213257
213345
213455
213474
213734
213736
213769
213813
214027
214137
214144
214286
214319
214442
214445
214490
214507
214613
214724
214851
214945
215032
215345
215406
215817
215873
216098
216221
216289
216362
216493
216525
216584
216726
216739
216808
216882
216988
217015
217081
217167
217217
217421
217828
217975
218148
218190
218207
218278
218295
218486
218572
218944
218980
219014
219029
219149
219289
219413
219416
219452
219460
219499
219532
219562
219773
219929
219942
219953
219973
220246
220369
220391
220412
220570
220692
220729
220900
221177
221448
221603
221774
221817
221830
221859
222102
222190
222210
222284
222395
222660
222665
222881
223042
223116
223168
223176
223198
223409
223478
223735
223759
223994
224134
224259
224270
224425
224425
224465
224574
224640
224805
224822
224860
224930
225008
225129
225144
225195
225370
225491
225701
225840
225845
225912
225995
226000
226116
226372
226396
226445
226472
226509
226657
226681
226716
227066
227258
227448
227682
228073
228127
228203
228254
228353
228691
228742
228810
228895
228904
228964
229010
229135
229166
229215
229279
229300
229532
229666
229817
229948
230248
230326
230359
230394
230608
230690
230692
230742
230909
230949
231122
231228
231247
231355
231526
231584
231636
231637
231746
231767
231964
232027
232243
232485
232512
232610
232649
232714
232728
232817
232826
232968
232989
233000
233031
233362
233429
233556
233661
233664
233867
233869
233926
234768
234907
234935
234944
234972
235085
235093
235449
235467
235470
235483
235591
235595
235706
235782
235817
235911
235925
236076
236157
236261
236492
236507
236680
236820
236937
237224
237241
237257
237338
237503
237552
237579
237808
237862
238199
238231
238632
238634
238709
238958
238965
239057
239242
239301
239428
239430
239517
239572
239684
239779
239782
239920
240128
240130
240240
240339
240390
240527
240695
240818
241023
241254
241284
241452
241473
241879
242134
242273
242336
242349
242361
242453
242461
242475
242480
242700
242845
243385
243488
243543
243653
243684
243762
243820
243830
243934
243934
243972
244017
244070
244399
244483
244491
244701
244712
244714
244720
244891
244895
244961
245199
245236
245312
245402
245486
245499
245543
245555
245560
245675
245731
246039
246048
246210
246249
246419
246489
246498
246513
246565
246616
246644
246687
246734
246746
247212
247220
247250
247299
247444
247638
247659
247860
247871
248152
248290
248345
248370
248505
248525
248527
248624
248635
248707
248940
248990
249077
249096
249121
249145
249523
249596
249598
249728
249804
249853
249918
249973
250044
250102
250221
250254
250269
250393
250411
250430
250444
250448
250494
250529
250658
250668
250699
250748
250754
250808
250821
250822
250839
251233
251403
251408
251595
251606
251885
251896
252088
252146
252191
252464
252527
252766
252766
252843
252932
253147
253187
253207
253253
253362
253485
253583
253675
253823
253831
253892
254268
254321
254325
254360
254477
254715
254768
254832
255160
255174
255324
255469
255471
255486
255514
255558
255671
255829
255933
256289
256304
256344
256527
256574
256629
256856
256948
257072
257158
257215
257294
257350
257385
257597
257684
257739
257763
257805
257971
258018
258062
258083
258291
258322
258412
258504
258597
258677
258712
258885
258974
258995
259056
259160
259176
259299
259333
259471
259595
259636
259876
259954
260121
260361
260509
260666
260856
260897
260914
261591
261606
261991
261991
262050
262061
262099
262198
262449
262480
262487
262674
262813
263012
263048
263121
263123
263240
263243
263266
263280
263347
263572
263589
263627
263637
263682
263802
263842
263921
264054
264201
264357
264814
264926
264944
265070
265128
265225
265232
265440
265572
265657
265690
265889
265896
266074
266209
266254
266348
266410
266416
266492
266505
266541
266589
266596
266619
266805
266817
266943
267000
267071
267256
267456
267497
267562
267829
267861
267937
267957
267973
268048
268121
268157
268318
268381
268425
268502
268779
268820
269224
269229
269252
269388
269450
269466
269499
269613
269614
269730
269905
269974
270015
270019
270062
270256
270270
270325
270517
270526
270621
270765
270789
270809
271076
271188
271422
271621
271632
271702
271751
271822
271978
272026
272057
272062
272267
272386
272431
272535
272773
272854
272931
273132
273268
273402
273739
273814
273891
273897
273935
274058
274394
274436
274501
274581
274594
274596
274602
274890
275019
275112
275129
275155
275181
275405
275468
275472
275646
275701
275767
275837
275864
275912
275997
276054
276107
276152
276207
276222
276234
276305
276318
276335
276343
276470
276549
276594
276637
276742
276847
276993
277133
277416
277725
277806
277816
277874
278023
278070
278374
278447
278640
278791
278825
278864
278962
279076
279081
279164
279216
279456
279472
279540
279569
279608
279623
279950
279963
280068
280134
280198
280317
280346
280361
280395
280505
280876
280965
281165
281188
281216
281639
281646
282059
282077
282145
282269
282370
282469
282781
282807
282862
282939
282941
282987
283142
283209
283248
283252
283390
283427
283507
283562
283639
283803
283902
283971
284044
284102
284136
284259
284428
284451
284519
284596
284663
284724
285121
285167
285211
285268
285268
285307
285357
285430
285434
285455
285548
285561
285565
285732
285824
285946
285958
286010
286076
286157
286220
286230
286233
286317
286320
286371
286403
286455
286467
286517
286533
286585
286720
286810
286952
287004
287203
287263
287356
287420
287537
287847
287877
287895
287926
287985
288333
288421
288427
288656
288783
288939
289308
289331
289389
289512
289573
289597
289614
289713
289773
289888
289973
289976
290080
290156
290164
290176
290179
290337
290476
290486
290514
290577
290669
290695
290804
290875
290963
291006
291039
291138
291260
291271
291436
291586
291747
291840
291960
292504
292561
292689
292808
292845
292991
293080
293376
293419
293437
293456
293640
293671
293752
293852
293976
294124
294331
294353
294790
294806
294886
294960
295023
295090
295096
295178
295240
295286
295586
295781
295797
295809
295909
295983
296028
296118
296367
296501
296513
296727
296742
296813
296967
296989
297102
297277
297301
297512
297712
297816
297950
298329
298442
298508
298766
298785
298947
299012
299042
299152
299619
299624
299698
299759
299951
300014
300301
300348
300391
300411
300832
300935
301301
301382
301398
301449
301602
301616
301760
301785
301889
302051
302064
302177
302200
302449
302502
302666
302746
302840
303104
303118
303135
303170
303174
303286
303293
303609
303660
303706
303798
303812
303841
304016
304030
304093
304313
304773
304797
304962
304975
305000
305052
305187
305438
305452
305454
305512
305589
305710
305737
305829
305852
305896
305921
306175
306188
306400
306406
306507
306525
306666
306722
307021
307067
307073
307154
307205
307272
307282
307327
307433
307563
307814
307840
307861
308144
308239
308246
308723
308949
308952
309106
309145
309151
309267
309345
309484
309542
309671
310002
310219
310246
310631
310744
310776
310940
311102
311291
311435
311515
311797
311851
311857
311885
311960
312160
312243
312499
312630
312656
312756
312847
312970
313024
313098
313160
313169
313416
313446
313450
313462
313498
313498
313531
313560
313736
314028
314043
314228
314238
314280
314283
314301
314339
314559
314639
314683
314704
315076
315092
315328
315372
315680
315814
316061
316073
316076
316094
316372
316464
316469
316691
317003
317021
317028
317046
317048
317109
317186
317229
317260
317382
317405
317585
317769
318074
318260
318443
318460
318609
318614
318877
319157
319229
319303
319451
319534
319548
319742
319907
320095
320171
320318
320330
320379
320431
320482
320489
320518
320548
320591
320887
320959
320970
321040
321088
321145
321315
321322
321470
321792
321852
322250
322349
322436
322452
322627
322655
322792
322823
322864
322936
323077
323094
323114
323339
323828
324110
324303
324310
324344
324521
324586
324627
324761
324830
324874
325443
325453
325480
325551
325766
325783
325815
325968
325975
326154
326204
326221
326235
326265
326283
326553
326720
326785
327038
327060
327070
327076
327147
327462
327612
327779
327781
327782
327795
327894
328020
328061
328084
328125
328204
328273
328347
328378
328384
328502
328566
328599
328621
328713
328854
328890
329411
329604
329766
329827
330149
330210
330215
330255
330298
330594
330645
330691
330706
330984
331303
331481
331627
332231
332304
332345
332381
332384
332438
332514
332632
332771
332786
333016
333188
333272
333403
333415
333555
333694
333847
333888
333957
334005
334426
334445
334586
334640
334645
334712
334727
334827
334866
334887
335017
335110
335145
335177
335302
335425
335530
335664
335817
335858
336225
336349
336451
336497
336574
336620
336642
336693
336752
336882
336905
337048
337080
337112
337121
337149
337213
337499
337668
337745
337754
337757
337823
337904
338053
338071
338094
338130
338130
338207
338287
338339
338406
338439
338464
338553
338638
338687
338692
338717
338722
338796
338960
338979
338986
339042
339252
339402
339447
339482
339747
339813
339885
340031
340127
340177
340268
340423
340534
340719
340755
340769
340878
341026
341184
341376
341455
341801
341849
342100
342280
342396
342451
342530
342589
342800
342872
343084
343095
343155
343174
343189
343196
343217
343334
343341
343408
343519
343626
343669
343846
344031
344198
344223
344491
344526
344548
344553
344580
344667
344716
344717
344803
344919
344939
344978
345019
345075
345168
345654
345706
345730
345768
345808
345929
346141
346239
346368
346374
346459
346620
346821
347076
347435
347518
347680
347851
347909
347940
347978
348133
348145
348162
348505
348699
348719
348729
348740
348756
348777
348783
348820
348930
349170
349340
349353
349410
349411
349416
349609
349678
349899
349937
349958
349978
350035
350134
350238
350256
350266
350612
350727
350741
350746
350771
350894
350996
351021
351039
351084
351103
351206
351315
351335
351569
351597
351636
351644
351674
351688
352115
352115
352282
352335
352544
352767
352776
353015
353051
353260
353585
353725
353848
354018
354372
354567
354711
355077
355206
355329
355675
355799
355843
355860
355881
355952
355975
355989
356199
356558
356959
356973
356999
357290
357602
357773
357851
357863
357886
357931
357987
358075
358149
358340
358504
358538
358633
358653
358675
358701
358922
359223
359339
359363
359495
359559
359684
359859
359881
359979
360121
360293
360457
360555
360595
360762
360777
360808
360822
361030
361063
361135
361323
361548
361852
362180
362762
362763
362958
363072
363106
363130
363139
363168
363460
363665
363749
363784
363806
363867
364036
364175
364334
364367
364568
364602
364602
364631
364754
364818
365118
365334
365419
365509
365898
365996
366041
366074
366122
366202
366414
366506
366652
367015
367149
367155
367160
367203
367310
367354
367369
367420
367524
367707
367798
367949
368059
368077
368348
368361
368400
368460
368497
368551
368625
368636
368638
368701
368956
369015
369283
369330
369391
369435
369585
369856
369931
370277
370321
370327
370361
370369
370405
370606
370845
371000
371082
371206
371412
371421
371439
371469
371616
371657
371788
371905
371908
372127
372316
372430
372476
372504
372664
372687
372705
372709
372802
372853
372897
372905
372961
373042
373097
373137
373295
373304
373320
373382
373558
373570
373765
373783
373883
374019
374036
374168
374297
374436
374595
374634
374637
374718
374773
374994
375061
375125
375282
375305
375395
375638
375756
375853
375880
376152
376172
376247
376386
376493
376564
376751
376819
376832
376876
376971
377089
377387
377433
377500
377606
377723
377770
377985
378032
378036
378122
378182
378363
378385
378413
378462
378612
378889
378903
378989
379000
379021
379069
379127
379408
379412
379421
379438
379646
379661
379753
379878
379885
379913
379982
380163
380193
380409
380431
380530
380602
380608
380690
380736
380817
381056
381074
381347
381380
381470
381474
381555
381609
381661
381663
381664
381670
381703
381715
381735
381811
381838
381899
381960
382040
382145
382209
382498
382593
382650
382895
382944
383071
383092
383176
383339
383376
383727
383731
383960
384011
384052
384115
384194
384255
384421
384560
384599
385058
385110
385135
385245
385259
385313
385341
385448
385492
385712
385717
385768
385792
385829
385901
386059
386284
386427
386466
386545
386630
386647
386741
386814
386822
386969
387146
387172
387176
387181
387245
387294
387371
387474
387525
387662
387686
387801
387825
387879
387899
387948
387970
388258
388295
388321
388346
388393
388431
388440
388718
388744
388779
388898
389087
389225
389594
389878
389937
389996
390075
390193
390221
390382
390402
390406
390424
390428
390628
390716
390721
390924
391017
391085
391141
391252
391301
391333
391417
391529
391546
391707
391951
392262
392306
392324
392486
392568
392574
392626
392661
392729
392877
392900
393059
393422
393429
393604
393790
393796
394024
394026
394155
394267
394421
394535
394668
394793
394806
394827
395013
395019
395034
395206
395361
395371
395413
395503
395693
395900
396085
396126
396215
396217
396233
396400
396610
396638
396640
396801
396894
396958
397022
397112
397210
397300
397383
397489
397533
397541
397543
397548
397664
397991
397992
398099
398185
398397
398469
398516
398544
398910
398970
399261
399277
399376
399458
399472
399478
399683
399722
399844
400008
400085
400166
400299
400436
400494
400521
400523
400576
400594
400677
400682
400810
400926
400947
400984
400997
401175
401236
401316
401358
401606
401701
401775
401861
401877
401997
402116
402309
402325
402360
402491
402650
402675
402852
402969
402974
403232
403305
403375
403551
403668
403689
403805
403881
404103
404273
404308
404521
404672
404714
404842
405026
405186
405249
405522
405682
405729
405953
405987
406045
406150
406259
406340
406357
406404
406639
406699
406700
406711
406858
406982
407152
407195
407456
407457
407502
407643
407661
407747
407990
408034
408090
408094
408099
408174
408507
408878
409253
409486
409571
409607
409693
409751
409753
410242
410257
410482
410584
410605
410612
410928
411030
411041
411059
411134
411187
411246
411270
411276
411301
411449
411498
411506
411689
411852
411882
411890
411965
412239
412395
412451
412595
412601
412664
412956
413022
413074
413144
413305
413387
413481
413517
413589
414032
414099
414105
414250
414408
414417
414489
414540
414541
414559
414663
414680
414756
414873
414910
414932
414985
415108
415243
415393
415601
415628
415677
415742
415835
416100
416280
416395
416439
416479
416572
416753
416812
416871
416906
416908
417001
417238
417423
417460
417521
417632
417745
417898
418009
418098
418206
418460
418493
418520
418525
418805
418836
418862
418881
418904
419044
419293
419562
419588
419666
419691
419808
419924
419985
420056
420178
420241
420271
420311
420637
420657
420803
420938
420995
421335
421349
421365
421476
421817
421862
422124
422199
422209
422299
422453
422529
422605
422632
422721
422750
422864
423168
423222
423336
423486
423493
423536
423562
423721
423779
423840
424039
424138
424184
424259
424292
424588
424619
424858
425216
425255
425473
425568
425629
425705
425720
425843
425877
426010
426032
426070
426163
426263
426384
426468
426490
426567
426690
426693
426762
426850
426866
427096
427118
427288
427354
427366
427373
427838
427868
427892
427923
428255
428641
428657
428899
429135
429150
429240
429372
429385
429416
429634
429636
429743
429748
429801
429802
429817
429884
429890
429983
430026
430090
430181
430512
430706
430712
430804
430985
431043
431248
431362
431366
431524
431905
431906
431969
432162
432184
432342
432343
432381
432384
432610
432626
432691
432737
432834
432898
432989
433104
433178
433194
433226
433364
433444
433478
433500
433621
433731
433755
433906
433945
433969
433979
434097
434274
434293
434412
435007
435012
435039
435242
435277
435479
435492
435573
435893
436001
436105
436217
436334
436511
436554
436753
436756
436784
436812
436837
436941
437075
437136
437265
437372
437537
437603
437769
437820
437864
438024
438048
438156
438291
438320
438437
438582
438616
438634
438702
438765
438971
439074
439099
439128
439131
439189
439204
439339
439405
439722
440200
440356
440385
440476
440581
441009
441119
441153
441214
441295
441299
441403
441410
441554
441624
441642
441652
441824
441947
441986
442035
442107
442346
442347
442422
442509
442622
442893
443261
443342
443428
443493
443638
443652
443703
443746
443859
443982
444649
444767
444768
444833
444932
445012
445176
445264
445371
445421
445432
445448
445524
445605
445656
445676
445993
446048
446056
446172
446365
446444
446449
446468
446502
446521
446727
446824
447094
447168
447231
447381
447676
447764
447884
447885
447905
447975
448096
448177
448512
448761
448898
449151
449239
449296
449354
449424
449426
449569
449626
449707
449719
449764
449941
450023
450034
450037
450303
450312
450376
450611
450668
451002
451107
451109
451354
451370
451408
451542
451576
451587
451601
451607
451739
451857
451950
452140
452168
452351
452375
452422
452910
453016
453180
453245
453248
453268
453485
453545
453666
453987
454235
454237
454274
454544
454875
454995
455021
455061
455070
455110
455148
455190
455405
455430
455471
455486
455507
455685
455729
455850
455982
456276
456359
456393
456434
456454
456567
456642
456646
456778
456799
456821
457439
457493
457515
457561
457569
457609
457637
457649
457802
458146
458320
458331
458339
458355
458356
458391
458454
458491
458623
458675
458728
458760
458901
458961
459090
459100
459427
459518
459640
459647
459787
459937
459946
460185
460229
460395
460459
460493
460531
460861
460882
461016
461141
461159
461246
461296
461302
461381
461609
461672
461710
461850
461969
462078
462299
462348
462504
462801
462828
462977
463042
463075
463104
463481
463622
463628
463724
463778
463840
463844
464065
464582
464588
464730
464950
465195
465244
465268
465470
465660
465677
465845
465907
466016
466130
466242
466243
466324
466328
466348
466382
466624
466625
466894
466937
466971
467118
467164
467191
467386
467479
467688
467698
467830
467903
467941
467943
467988
468165
468213
468214
468237
468244
468301
468327
468380
468398
468426
468439
468557
468723
468881
468976
468989
469004
469302
469306
469499
469756
470063
470083
470118
470170
470243
470337
470374
470496
470547
470686
470693
470798
471058
471268
471337
471509
471638
471777
471831
471911
472020
472164
472253
472543
472631
472696
472891
472921
472948
472985
473132
473146
473250
473367
473470
473525
473649
473955
474048
474448
474463
474478
474781
474916
475051
475063
475114
475210
475247
475271
475393
475404
475571
475596
475641
475794
476024
476116
476151
476153
476504
476617
476695
476700
476753
476815
477048
477074
477142
477153
477456
477583
477592
477731
477773
477828
477896
477910
478015
478041
478123
478169
478510
478537
478874
478884
478912
478951
479071
479072
479112
479266
479380
479470
479515
479579
479640
479870
479998
480061
480086
480202
480337
480470
480835
480931
480998
481004
481006
481151
481169
481264
481276
481453
481706
481822
481829
481932
482226
482240
482816
482935
482980
483103
483186
483202
483390
483752
483791
484047
484119
484142
484155
484165
484331
484615
484653
484696
484795
484956
485137
485251
485478
485541
485707
485775
485940
486149
486253
486278
486319
486455
486616
486767
487325
487404
487557
487637
487787
487890
488203
488398
488456
488639
488667
488681
488779
488804
488956
489047
489229
489547
489669
489676
489709
489737
489888
489900
489911
489929
490004
490020
490223
490235
490249
490412
490433
490457
490598
490600
491036
491352
491537
491544
491591
491735
491890
491926
491927
492070
492427
492506
492549
492792
492838
492882
492968
493172
493215
493296
493343
493522
493679
493749
493967
493978
494389
494394
494459
494513
494529
494747
494917
494948
495230
495232
495622
495776
495798
495901
495950
495966
495988
496077
496281
496343
496661
496684
496790
497169
497348
497572
497597
497604
497618
497623
497935
498040
498165
498222
498295
498326
498335
498391
498598
498626
498823
498956
498991
498994
499008
499123
499343
499373
499408
499550
499856
500013
500039
500114
500168
500185
500208
500374
500629
500684
500799
500839
500875
500962
501259
501449
501682
501755
501905
502181
502314
502386
502403
502590
502804
502939
502950
503108
503484
503621
503859
503883
503999
504119
504120
504134
504151
504158
504178
504275
504283
504449
504579
504679
505194
505211
505240
505273
505309
505428
505442
505523
505863
506050
506285
506444
506461
506467
506625
506638
506782
506922
507013
507192
507230
507398
507455
507472
507482
507503
507794
507882
508162
508213
508272
508362
508611
508863
508867
508943
508972
509000
509328
509420
509431
509652
509689
509744
509803
509884
509889
510140
510225
510264
510302
510393
510778
510828
510923
510974
510978
511092
511134
511153
511233
511257
511350
511380
511384
511569
511682
511818
511928
512247
512659
512686
512714
512770
512841
512905
513487
513528
513546
513621
513668
513707
513751
513885
513923
513990
514126
514141
514176
514321
514358
514488
514566
514811
514846
514869
514965
515016
515082
515175
515205
515463
515583
515837
515852
515917
516060
516073
516143
516314
516349
516434
516442
516595
516604
516817
516840
516854
516859
516865
517122
517147
517225
517268
517323
517605
517686
517763
517832
517848
517854
517973
518054
518141
518232
518312
518399
518525
518589
518630
518912
519354
519490
519532
519554
519614
519704
519880
519990
520182
520273
520277
520425
520602
520623
520821
521017
521238
521238
521365
521497
521532
522010
522045
522092
522137
522149
522558
522600
522621
522637
522728
523005
523327
523411
523415
523425
523443
523539
523547
523606
523635
523818
523995
524425
524625
524677
524751
524786
524857
524865
525162
525171
525213
525300
525357
525393
525443
525701
525724
525776
525951
526077
526214
526313
526314
526357
526395
526505
526539
526812
526815
526816
526843
526914
527188
527259
527324
527505
527540
527544
527672
527977
527992
528046
528058
528138
528474
528685
528711
529045
529121
529226
529357
529369
529371
529569
529694
529735
529843
529924
530079
530121
530131
530261
530345
530374
530472
530607
530811
531077
531352
531372
531508
531745
531760
531774
531787
531861
532005
532009
532090
532148
532221
532239
532248
532271
532415
532840
532869
533029
533053
533112
533247
533258
533389
533450
533748
534295
534345
534373
534623
534638
534640
534783
534832
534879
535114
535238
535788
535796
535968
535973
536079
536232
536271
536379
536496
536646
536658
536895
536923
537084
537102
537221
537395
537474
537591
537642
537911
538034
538034
538073
538401
538432
538457
538558
538664
538804
539014
539071
539138
539240
539259
539311
539356
539626
539718
539990
540076
540264
540384
540504
540533
540639
540735
540807
540815
541074
541094
541096
541144
541206
541225
541549
541593
541607
541627
541735
541749
542017
542042
542078
542088
542232
542251
542323
542432
542468
542609
542618
542644
542706
542711
542713
542732
543197
543360
543435
543597
543619
543698
543719
543777
543830
543997
544006
544007
544017
544043
544161
544350
544444
544746
544986
544987
545301
545319
545336
545392
545412
545526
545665
545835
545848
545986
546207
546208
546208
546277
546534
546534
546556
546694
546887
546887
547068
547096
547328
547410
547689
547863
547919
547937
548359
548369
548372
548499
548623
548869
548881
549028
549128
549291
549500
549548
549551
549701
549760
549899
549957
550044
550209
550232
550385
550726
550967
550974
551004
551371
551377
551387
551400
551422
551461
551462
551508
551670
551769
551903
551906
551939
552083
552268
552322
552533
552553
552787
552831
553034
553100
553356
553936
553979
553982
554090
554197
554206
554236
554246
554270
554327
554483
554565
554593
554844
554898
554980
555027
555164
555166
555438
555551
555598
555629
555678
555916
555919
556032
556092
556151
556167
556210
556243
556330
556360
556571
556672
556805
556927
557065
557073
557285
557554
557798
557993
558086
558215
558571
558640
558641
558711
558790
558880
558992
559299
559461
559498
559631
559764
559901
559995
560027
560533
560613
560645
560864
560961
561071
561210
561360
561456
561491
561749
561761
561770
562062
562080
562171
562496
562551
562599
562734
562779
562809
562922
563139
563305
563560
563582
563928
563976
564063
564185
564218
564323
564521
564617
564669
564704
564716
564806
564860
564980
565041
565051
565258
565382
565467
565593
565850
565862
566169
566172
566183
566433
566444
566556
566638
566766
566816
566858
566927
566933
566963
566992
567008
567028
567055
567096
567142
567232
567339
567478
567536
567553
567665
567674
567688
567702
567796
567988
568044
568285
568289
568325
568473
568800
568831
568990
569060
569156
569236
569343
569360
569378
569507
569560
569653
569690
569780
569887
569908
569993
570024
570228
570268
570311
570530
570923
571025
571236
571270
571303
571336
571462
571470
571479
571620
571659
571719
571841
571860
572311
572350
572366
572536
572610
572657
572726
572754
572873
572923
572993
573021
573095
573146
573191
573266
573283
573353
573613
573633
573682
573850
573965
574090
574168
574328
574461
574585
574703
574839
575063
575074
575201
575455
575608
575670
575829
575968
576053
576190
576294
576525
576530
576802
576879
577133
577330
577423
577577
577611
577775
577823
577834
577837
577864
577898
577982
577989
577994
578030
578274
578547
578576
578810
578878
579553
579582
579649
579822
580069
580085
580126
580169
580294
580314
580382
580460
580703
580706
580777
580822
581116
581175
581347
581402
581568
581629
582102
582243
582312
582353
582358
582679
582758
582841
582852
582965
583019
583049
583054
583148
583178
583252
583301
583426
583429
583945
583959
584235
584238
584355
584440
584485
584608
584650
584778
584783
585089
585134
585247
585263
585303
585327
585411
585467
585659
585701
585728
586035
586057
586084
586099
586253
586264
586407
586652
586664
586952
587232
587330
587401
587419
587495
587496
587497
587637
587895
588119
588453
588489
588579
588737
588837
588849
588997
589129
589214
589222
589246
589375
589612
589995
590181
590282
590718
590791
590948
590983
591268
591327
591351
591360
591415
591416
591429
591535
591537
591562
591670
591762
592111
592173
592201
592530
592579
592596
592662
592666
592972
593128
593160
593215
593267
593312
593453
593723
593952
594038
594251
594273
594307
594371
594379
594394
594427
594440
594648
594871
595036
595114
595233
595394
595422
595551
595568
595598
595698
595928
595934
595984
596411
596471
596759
596766
596777
596844
596952
597105
597125
597231
597271
597359
597633
597665
597778
597864
598197
598256
598393
598410
598437
598639
598765
598800
598847
598869
598907
599097
599314
599474
599678
599735
599750
599752
599982
600271
600272
600281
600359
600380
600403
600554
600672
600757
600802
600849
600957
600998
601039
601240
601256
601396
601454
601701
601722
601833
601851
601855
601952
602030
602038
602139
602153
602247
602336
602405
602461
602463
602476
602477
602530
602577
602870
602871
602901
603038
603166
603177
603554
603645
603703
603888
604287
604293
604393
604409
604431
604451
604521
604677
604743
604812
604885
604923
604956
605027
605033
605134
605336
605560
605814
605843
606111
606226
606285
606287
606356
606479
606521
606619
606651
606669
606701
606711
606992
607030
607118
607204
607211
607275
607515
607569
607613
607668
607668
607741
608050
608208
608262
608349
608407
608543
608562
608645
608681
608747
608828
609044
609098
609115
609142
609154
609188
609189
609194
609220
609302
609417
609430
609623
609632
609722
609898
609941
609985
610110
610207
610556
610652
610696
610932
611011
611315
611680
611709
611814
611970
612056
612170
612208
612631
612752
612786
612880
613210
613512
613851
613993
614223
614270
614275
614302
614457
614577
614624
614697
614958
615105
615340
615398
615475
615502
615571
615708
615749
615802
615902
616017
616080
616116
616175
616188
616223
616289
616671
616935
616957
617057
617108
617161
617348
617471
617578
617663
617807
617845
617894
617983
618096
618155
618466
618516
618753
618872
618940
619219
619223
619370
619449
619603
619633
619717
619778
619790
619864
619865
619885
619909
620192
620395
620409
620605
620684
620816
620976
621031
621055
621081
621133
621158
621467
621468
621559
621636
621714
621717
621736
621884
621946
621946
622069
622091
622201
622241
622285
622314
622318
622409
622482
622524
622689
622699
622711
622936
623109
623136
623374
623476
623570
623578
623614
623676
623677
623708
623847
623860
623891
623936
623961
623969
624027
624061
624099
624176
624191
624196
624328
624395
624706
624785
624803
624808
624841
624854
624943
625001
625275
625606
625669
625741
625973
625980
626032
626088
626110
626152
626302
626388
626461
626532
626562
626687
626793
626941
626973
627117
627149
627188
627193
627221
627265
627311
627430
627551
627712
627830
627902
627997
628015
628172
628372
628394
628848
628965
629118
629124
629153
629186
629186
629234
629436
629606
629628
629666
629666
629733
630089
630098
630134
630297
630316
630332
630345
630440
630576
630665
630765
630772
630773
630780
631013
631099
631197
631424
631757
631838
632062
632302
632429
632499
632712
633000
633021
633061
633261
633360
633555
633811
633836
633863
633963
634171
634181
634288
634356
634414
634622
634689
634982
635068
635331
635352
635556
635592
635657
635726
635854
636391
636428
636487
636527
636548
636554
636580
636708
636745
636837
636869
636904
636999
637054
637066
637082
637261
637282
637325
637370
637399
637476
637596
637619
637733
637777
638047
638056
638149
638217
638251
638286
638492
638498
638532
638580
638637
638712
638765
638844
638889
638960
638978
639052
639225
639274
639309
639467
639598
640088
640292
640408
640447
640526
640605
640700
640750
640866
640950
640967
641024
641024
641113
641186
641348
641362
641364
641527
641569
641689
641857
641889
641920
642011
642094
642247
642257
642301
642337
642341
642381
642452
642488
642670
642754
642854
643235
643578
643863
643865
644032
644196
644409
644449
644461
644658
644811
644969
644996
645050
645441
645540
645590
645634
645686
645714
645754
645762
645831
645988
646073
646106
646226
646271
646441
646719
646820
646852
646888
646919
646991
647001
647047
647077
647306
647313
647338
647409
647435
647544
647656
647724
647732
647740
647807
648090
648145
648146
648232
648291
648354
648506
648644
648711
648762
648903
648905
648931
648954
649024
649241
649244
649247
649326
649385
649477
649511
649545
649713
649731
649752
650119
650270
650422
650615
650989
651003
651193
651235
651297
651408
651409
651648
651985
652107
652169
652170
652431
652516
652673
652914
652922
652977
652991
653058
653071
653074
653128
653313
653527
653541
653639
653814
653829
653857
653859
653870
653977
653997
654000
654001
654004
654103
654144
654214
654409
654782
654805
654858
655069
655144
655318
655376
655378
655485
655573
655595
655606
655627
655676
655781
655858
655868
655913
655917
656086
656120
656202
656388
656434
656458
656473
656575
656688
656980
657302
657475
657649
657787
657974
658121
658196
658418
658425
658492
658610
658649
658703
658716
658717
658872
658884
658959
659004
659013
659209
659327
659432
659494
659514
659524
659620
659695
659701
659747
659858
659991
660121
660212
660356
660395
660427
660461
660641
660716
660787
661390
661431
661455
661606
661668
661726
661738
661738
661748
661806
662137
662164
662366
662449
662454
662584
662667
662688
662732
662886
663022
663071
663264
663417
663448
663846
664147
664172
664246
664390
664447
664473
664548
664554
664647
664728
664732
664994
665000
665067
665225
665273
665284
665368
665426
665487
665654
665694
665749
665796
665939
666085
666273
666589
666622
666648
666726
666862
667105
667274
667319
667386
667493
667748
667873
667877
667916
668133
668248
668254
668265
668286
668649
668874
668995
669035
669172
669231
669294
669375
669387
669635
669906
669942
670046
670102
670182
670460
670466
670537
670542
670778
670848
670943
671026
671100
671123
671130
671154
671189
671206
671285
671388
671443
671528
671595
671813
671869
671911
672009
672235
672309
672382
672461
672475
672721
672869
672986
673052
673078
673094
673151
673200
673382
673520
673525
673937
674017
674589
674634
674895
674912
675002
675077
675084
675197
675288
675295
675403
675436
675513
675769
675863
675913
676019
676132
676245
676289
676340
676350
676357
676550
676642
676651
676877
676912
677006
677067
677093
677448
677522
677550
678017
678103
678330
678345
678472
678619
678669
678776
678852
678901
678934
678995
679396
679582
679694
679784
679812
679828
679855
679954
680302
680328
680481
680495
680517
680520
680552
680691
680989
681034
681063
681216
681237
681287
681375
681505
681541
681648
681717
681850
681888
681894
681944
682069
682178
682184
682255
682401
682527
682571
683366
683557
683571
683577
683578
683741
683980
684042
684179
684357
684427
684475
684580
684613
684635
684659
684691
684928
684965
685127
685173
685404
685444
685515
685548
685697
685941
685986
686219
686300
686461
686463
686821
686954
687052
687063
687097
687199
687217
687547
687552
687573
687584
687612
687637
687757
687913
687920
687944
688044
688091
688094
688345
688376
688883
688959
688999
689084
689163
689238
689402
689654
689660
689740
689980
690000
690285
690426
690461
690556
690562
690757
690769
690785
690811
690885
690916
690962
691092
691109
691156
691266
691277
691360
691605
691796
692084
692123
692191
692191
692503
692519
692552
692924
693027
693106
693149
693178
693237
693327
693464
693564
693634
693644
693942
694087
694232
694319
694469
694520
694666
694754
694762
694984
695020
695085
695540
695746
695995
696028
696239
696827
697246
697423
697478
697514
697659
698024
698131
698281
698514
698607
698739
698779
698870
698888
698959
699077
699331
699454
699559
699613
699642
699643
699705
699900
699985
700206
700307
700422
700494
700550
700600
700644
700826
700962
701064
701101
701117
701271
701431
701484
701561
701609
701695
701783
701790
701856
702354
702375
702499
702512
702555
702765
702779
703065
703148
703405
703408
703486
703509
703534
703554
703690
703759
703851
703883
703933
703970
704172
704242
704360
704423
704449
704452
704489
704500
704513
704762
704851
704895
704987
705134
705377
705387
705509
705615
705837
705898
705958
705976
706123
706215
706317
706402
706636
706673
706806
707079
707178
707312
707369
707537
707601
707617
707705
707833
708074
708258
708770
708784
709050
709144
709172
709204
709537
709574
709589
709635
709647
709735
709735
709845
710068
710076
710384
710535
710565
710621
710648
710732
711167
711248
711284
711337
711365
711486
711504
711522
711593
711613
711646
711700
711732
711825
712142
712158
712182
712225
712307
712462
712638
712646
712723
712724
712775
712856
712913
713004
713200
713210
713221
713432
713436
713596
713665
713673
713789
713879
713968
714038
714068
714084
714339
714397
714465
714559
714601
714715
714786
714959
715257
715365
715399
715408
715409
715576
715685
715730
715837
715932
716185
716342
716390
716484
716594
716594
716597
716691
716705
716707
716914
716948
717035
717062
717093
717155
717349
717431
717699
717932
717934
718019
718026
718096
718194
718204
718250
718335
718360
718404
718418
718598
718659
718723
718831
718859
718991
719188
719484
719513
719561
719766
719835
719906
719909
719975
720214
720234
720679
720768
720771
720824
720906
720933
721034
721140
721237
721261
721330
721428
721527
721553
721648
721844
721971
722045
722097
722261
722396
722481
722770
722932
723147
723328
723330
723387
723533
723706
723723
723753
723964
724091
724334
724467
724624
724688
724923
725029
725150
725459
725506
725652
725690
725705
725747
725886
726063
726265
726267
726293
726390
726479
726534
726636
726693
726726
726734
726801
727020
727042
727191
727192
727223
727241
727347
727393
727725
727805
727883
727903
728010
728076
728089
728103
728124
728184
728263
728386
728421
728475
728496
728584
728661
728687
728756
728871
729134
729202
729298
729436
729682
729781
729925
730225
730250
730360
730617
730619
730630
730655
730666
730712
731071
731148
731286
731303
731410
731504
731568
731643
732106
732118
732190
732194
732434
732454
732524
732562
732739
732746
732818
733019
733143
733198
733342
733361
733495
733648
733727
734282
734307
734352
734382
734462
734505
734538
734744
734850
734862
735036
735125
735493
735571
735602
735616
735687
735746
735794
735862
736019
736077
736220
736284
736287
736392
736524
736544
736584
736587
736868
736920
736991
737053
737178
737297
737346
737423
737514
737579
737802
738044
738058
738060
738270
738304
738316
738393
738427
738486
738561
738586
738776
738938
738985
739053
739091
739204
739305
739356
739432
739677
739984
740021
740024
740162
740566
740609
740647
740848
740855
740902
741015
741054
741176
741536
741560
741685
741853
742111
742216
742223
742231
742574
742616
742852
742854
742950
743002
743131
743191
743338
743349
743458
743476
743639
743789
743898
744172
744276
744446
744456
744526
744636
744674
744814
744952
744953
745089
745091
745106
745295
745336
745356
745387
745481
745638
745659
745971
745989
746367
746433
746652
746743
746770
747325
747345
747345
747430
747530
747604
747901
748092
748132
748276
748279
748328
748501
748641
748674
748854
748904
748977
749241
749264
749298
749346
749757
749769
749802
750003
750025
750056
750190
750253
750440
750605
751056
751094
751128
751265
751284
751366
751470
751590
751620
751783
751833
751950
752189
752615
752628
752761
752809
752826
752912
753060
753261
753326
753500
753514
753559
753597
753657
753675
753713
753738
753801
753834
753875
754152
754190
754209
754256
754604
754825
754925
755098
755188
755204
755650
755650
755747
755837
755873
756003
756106
756135
756167
756556
756556
756573
756687
757415
757430
757435
757519
757699
757742
757985
758063
758218
758323
758462
758470
758546
758610
758705
758750
758782
758910
758927
759119
759121
759196
759223
759306
759371
759477
759576
759667
759670
759693
759800
759914
760038
760143
760227
760346
760406
760477
760497
760513
760536
760705
760752
760977
760987
761011
761018
761100
761527
761540
761540
761681
761723
761744
761749
761793
761805
761862
761906
761931
761948
762049
762090
762539
762669
763082
763093
763151
763364
763371
763402
763596
763603
763616
763626
763696
763851
763851
763876
764019
764120
764399
764505
764683
764704
764736
764755
764843
764884
764957
765007
765134
765403
765411
765501
765596
765671
765693
765727
765751
765779
766010
766042
766131
766151
766429
766497
766506
766761
766819
766861
766877
767318
767359
767377
767519
767574
767818
768014
768238
768271
768323
768380
768422
768487
768651
768694
768807
768832
768836
768838
768890
769063
769071
769243
769332
769384
769384
769450
769454
769462
769541
769585
769634
769639
769743
769857
769997
770012
770081
770117
770358
770472
770625
770700
770737
770742
770872
770916
770928
770992
771125
771233
771341
771396
771415
771437
771583
771726
771728
771896
772066
772309
772388
772426
772493
772662
772679
772807
773024
773059
773216
773537
773725
773755
773815
773873
773881
774044
774058
774261
774683
774782
774827
774866
774870
774889
775188
775226
775394
775484
775703
775837
775860
775865
775928
776019
776099
776135
776589
776605
776767
777138
777702
777949
777965
778000
778033
778102
778155
778224
778276
778306
778394
778484
778574
778596
778623
778636
778683
778719
778808
778861
778927
779140
779147
779159
779162
779179
779365
779368
779386
779575
779578
779579
779762
779848
780031
780258
780325
780329
780395
780445
780500
780804
780898
781125
781156
781385
781428
781772
781775
781902
781922
782230
782466
782571
782831
782839
782858
782947
783051
783119
783283
783325
783593
783687
783691
783873
783923
783991
784061
784096
784101
784137
784242
784317
784361
784365
784376
784685
784744
784925
784928
784936
785076
785269
785368
785488
785500
785515
785554
785674
785688
785692
785815
785838
785885
786017
786069
786143
786224
786302
786360
786377
786507
786509
786574
786587
786704
786880
786900
787083
787146
787212
787292
787437
787676
787837
787842
787889
787936
787969
788168
788253
788321
788343
788370
788611
788742
788742
788984
789199
789208
789274
789849
789998
790016
790165
790349
790417
790478
790541
790638
790714
790753
790764
790837
790856
790868
790998
791129
791173
791192
791343
791366
791521
791576
791588
791825
791904
792081
792150
792170
792370
792476
792507
792549
792559
792760
792817
792828
792860
793078
793100
793367
793462
793803
793927
794191
794259
794520
794556
794567
794691
794716
794798
794919
795180
795472
795562
795718
795843
795869
795895
795933
795976
796223
796227
796295
796414
796577
796658
796790
797266
797312
797356
797396
797542
797620
797622
797633
797748
798213
798628
798782
798941
798950
799031
799049
799163
799238
799374
799426
799450
799515
799694
799749
799993
800044
800056
800160
800174
800234
800250
800446
800701
800793
800890
800951
801058
801079
801176
801286
801552
801569
801574
801676
801683
801748
801839
802060
802117
802126
802162
802337
802363
802414
802445
802582
802873
803056
803123
803162
803200
803208
803233
803346
803454
803465
803495
803513
803711
803895
804146
804149
804238
804266
804335
804644
804793
804804
804951
805463
805591
805603
805604
805790
805878
805931
805984
806095
806221
806228
806234
806373
806484
806489
806538
806646
806708
806755
807104
807294
807771
807866
807908
808075
808129
808199
808254
808263
808331
808662
808849
808979
809322
809328
809429
809530
809556
809630
809689
809773
809822
809910
810318
810333
810387
810423
810552
810713
810801
810840
810865
810930
811214
811230
811241
811250
811259
811446
811485
811505
811534
811701
811733
811830
812045
812163
812239
812550
812584
812641
812656
813191
813246
813252
813261
813280
813570
813581
813791
813827
813998
814191
814195
814414
814414
814465
814482
814571
814746
814809
814852
814883
815105
815150
815207
815322
815348
815427
815503
815844
815850
815918
816071
816192
816284
816346
816476
816674
816714
816864
817075
817127
817212
817277
817390
817608
817668
817694
817729
817898
818038
818135
818205
818240
818262
818334
818427
818431
818569
818983
819470
819605
819656
819684
819724
819730
819968
820039
820174
820203
820249
820277
820431
820660
820703
820880
820892
821032
821093
821247
821329
821386
821949
822020
822032
822415
822493
822640
822662
822751
822834
822854
822910
823025
823069
823138
823149
823723
823741
823865
824067
824147
824152
824254
824338
824539
824652
824763
824784
824806
824909
825651
825776
825790
825822
825970
826152
826189
826207
826220
826265
826286
826388
826427
826444
826550
826663
826860
826977
827024
827092
827107
827329
827372
827399
827412
827706
827740
827767
828015
828104
828280
828515
828552
828678
828697
828873
829047
829094
829143
829228
829283
829296
829366
829406
829475
829525
829557
829704
829760
830084
830217
830320
830323
830353
830467
830682
830797
830839
830851
831027
831354
831464
831497
831596
831974
832077
832152
832171
832222
832227
832424
832434
832461
832583
832673
832695
832873
832878
833136
833184
833189
833325
833374
833499
833541
833657
833662
833785
833867
833896
833911
833957
834107
834396
834515
834707
834870
834907
835100
835153
835269
835327
835333
835481
835529
835613
835625
835938
836041
836276
836395
836411
836493
836501
837098
837233
837396
837636
837733
837810
837824
837867
837886
838100
838483
838521
838571
838666
838699
838862
838862
838984
839285
839323
839505
839550
839559
839577
839767
839872
839943
839987
839995
840013
840020
840028
840177
840197
840295
840352
840507
840544
840569
840618
840749
840775
840897
840964
841266
841316
841327
841513
841640
841663
841888
841954
842088
842263
842275
842300
842504
842657
842767
842792
842941
842954
842968
843001
843189
843373
843424
843634
843637
843952
844045
844274
844305
844324
844563
844664
844739
845035
845040
845194
845444
845455
845539
845576
845590
845727
845772
845809
845884
846098
846162
846223
846316
846449
846659
846753
846813
846841
847028
847030
847044
847194
847345
847379
847382
847424
847495
847497
847527
847537
847543
847582
847726
847898
847908
847910
848099
848143
848227
848330
848354
848424
848508
848525
848614
848640
848766
848853
848875
848977
848992
848993
849028
849065
849108
849201
849218
849397
849650
849746
849758
849872
850097
850202
850215
850260
850422
850681
850805
850812
850839
851193
851210
851254
851315
851326
851507
851666
851734
851936
851998
852001
852129
852198
852509
852513
852536
852616
852636
852718
852861
852973
853067
853411
853740
853830
853921
854189
854211
854286
854312
854369
854443
854447
854624
854715
854787
854894
854942
855488
855489
855525
855628
855732
855909
855943
856083
856086
856120
856134
856148
856158
856209
856264
856411
856419
856851
856879
856940
857006
857018
857196
857501
857544
857559
857589
857645
857653
857679
857790
857976
858184
858471
858564
858853
858976
859022
859184
859223
859324
859368
859375
859619
859718
859745
859880
859944
860149
860357
860448
860485
860543
860544
860580
860725
860798
860993
861050
861065
861096
861166
861267
861354
861354
861402
861417
861454
861520
861556
861575
861925
862095
862414
862538
862542
862579
862589
862612
862617
862655
862897
862933
862962
862997
863084
863101
863232
863529
863538
863707
863766
863873
863925
864006
864277
864358
864390
864452
864697
864827
864860
864880
864929
865002
865177
865224
865232
865332
865514
865524
865617
865686
865746
866310
866436
866662
866898
866952
867102
867428
867490
867516
867656
867777
867820
867910
867931
868091
868109
868190
868541
868571
868606
868716
868731
868852
868863
868895
869064
869224
869305
869366
869454
869560
869796
869829
869958
869999
870036
870342
870414
870590
870641
870688
870710
870834
870873
870874
871023
871120
871128
871181
871202
871307
871327
871492
871665
872001
872028
872047
872056
872062
872132
872212
872282
872317
872484
872532
872560
872865
872918
872919
873009
873040
873133
873255
873289
873323
873556
873579
873664
873689
873705
873748
873919
874093
874330
874398
874427
874491
874704
874738
874954
874975
875045
875053
875159
875260
875344
875671
875752
875926
876005
876224
876538
876604
876606
876724
876744
876793
876816
876831
876942
877162
877186
877845
877933
877948
877960
878150
878179
878238
878241
878274
878408
878584
878638
878940
878945
879265
879283
879333
879356
879407
879577
879641
879645
879876
880168
880258
880412
880519
881036
881114
881152
881557
881588
881611
881734
881751
881789
881987
882331
882678
882815
882834
882959
882984
883341
883455
883504
883620
883647
883720
883852
883865
883869
883882
884053
884068
884083
884104
884135
884197
884486
884625
884684
884872
884888
884929
885052
885118
885135
885310
885361
885482
885515
885603
886157
886159
886267
886342
886473
886478
886504
886558
886580
886584
886591
886670
886679
887047
887156
887202
887233
887248
887285
887313
887326
887362
887374
887383
887419
887546
887558
887614
887659
887680
887686
887890
887950
887952
887977
888036
888169
888562
888923
889088
889298
889310
889318
889323
889327
889414
889615
889764
889788
889788
889850
890009
890029
890046
890117
890186
890241
890280
890444
890564
890584
890648
890802
890816
890976
891025
891160
891187
891281
891481
891621
891645
891741
891743
891902
891934
892212
892236
892271
892347
892352
892486
892571
892582
892616
892722
892837
892999
893007
893163
893451
893593
893660
893668
893751
893796
893891
894153
894220
894275
894611
894649
894720
894721
895007
895067
895198
895322
895403
895404
895461
895680
895685
895705
895836
895911
896050
896562
896603
896632
896679
896821
896855
896868
897007
897293
897332
897395
897416
897458
897691
897723
897883
898044
898189
898352
898478
898492
898645
898650
898711
898760
899012
899061
899262
899425
899473
899775
899806
899853
899975
900029
900138
900334
900343
900344
900373
900473
900479
900489
900492
900676
900713
900753
900920
900971
901189
901397
901462
901684
901830
901900
901915
902044
902182
902199
902203
902204
902208
902268
902459
902493
902699
902725
902733
902754
902794
903171
903311
903766
903901
903939
903959
904079
904266
904367
904465
904533
904603
904657
904730
904735
904805
905172
905442
905575
905597
905641
905706
905838
905872
906008
906054
906096
906132
906221
906257
906264
906502
906638
906660
906689
906787
906909
906952
907046
907063
907102
907104
907527
907826
907839
908009
908023
908138
908147
908277
908347
908348
908410
908486
908728
908802
908806
909145
909182
909257
909283
909354
909371
909376
909395
909480
909500
909541
909543
909627
909706
909767
910167
910284
910616
910750
910891
911110
911140
911212
911358
911371
911398
911446
911450
911572
911583
912093
912150
912175
912198
912217
912263
912305
912310
912677
912741
912787
912843
912876
912950
912999
913196
913203
913209
913287
913310
913369
913410
913602
913640
913649
913787
913816
914099
914172
914301
914356
914462
914491
914554
914981
915135
915180
915192
915331
915331
915487
915613
915870
916314
916423
916774
916812
916856
916861
916937
916979
917012
917150
917459
917808
917843
917951
918050
918122
918216
918300
918323
918331
918356
918466
918487
918740
918805
919492
919606
919641
919847
919945
919953
919994
920053
920124
920182
920236
920278
920433
920673
920764
920849
920991
921301
921437
921672
921769
921787
921849
921877
922122
922336
922375
922568
922580
922584
922789
922873
922993
923071
923147
923254
923337
923369
923394
923395
923401
923502
923526
923618
924024
924042
924082
924189
924353
924387
924591
924662
924813
924874
925019
925053
925073
925077
925383
925460
925496
925532
925837
925966
926136
926180
926198
926386
926449
926451
926483
926649
926710
926903
927355
927478
927481
927588
927665
927769
927772
927994
928140
928187
928229
928300
928360
928468
928526
928570
928584
928738
928797
928807
928820
928988
929241
929456
929563
929701
929702
929809
929843
929924
929969
930036
930075
930078
930099
930114
930469
930651
930670
930685
930850
930863
930902
931380
931436
931519
931542
931666
931766
931938
931978
932028
932076
932184
932193
932342
932454
932586
932596
932626
932648
933253
933399
933587
933716
933772
933792
933922
933945
934033
934074
934130
934134
934151
934158
934188
934328
934371
934377
934388
934577
934620
934804
935004
935064
935173
935412
935469
935545
935580
935603
935702
935924
935983
936346
936378
936406
936419
936546
936592
936686
937326
937362
937578
937603
937627
937672
937682
937684
937702
937760
937767
937886
937972
937999
938088
938255
938305
938340
938372
938512
938535
938571
938633
938681
938704
938779
938808
939099
939261
939330
939720
939723
939805
939917
940090
940123
940184
940468
940976
941034
941196
941247
941307
941315
941571
941735
941834
942034
942072
942161
942252
942341
942875
942956
942960
943022
943238
943278
943619
943636
943710
943769
943946
943967
943976
944128
944148
944554
944562
944669
944813
944932
944981
945227
945256
945740
945822
945942
946036
946062
946088
946156
946360
946390
946571
946790
946791
946849
946862
946872
946974
947052
947243
947256
947387
947608
947727
947763
947820
947837
947866
947889
948044
948056
948287
948345
948402
948456
948460
948634
948818
948964
948966
948972
949114
949151
949170
949179
949349
949412
949465
949711
949740
949911
949971
949981
949983
950009
950039
950192
950211
950230
950421
950564
950646
950723
951092
951266
951277
951380
951567
951713
951742
951751
951831
951898
952087
952107
952119
952189
952286
952403
952559
952596
952622
952790
952996
953234
953264
953333
953421
953657
953845
953852
953927
953933
953966
954006
954196
954342
954454
954494
954715
954819
954856
955125
955125
955152
955290
955325
955371
955410
955464
955469
955560
955669
955816
955838
955913
956022
956142
956375
956450
956466
956508
956582
956650
956681
956857
956909
956932
957075
957102
957293
957324
957388
957498
957514
957627
957663
957751
957797
957975
957975
957977
958007
958290
958465
958581
958657
958755
958779
958780
958781
958923
959005
959006
959024
959065
959080
959104
959244
959279
959366
959367
959431
959587
959601
959761
959770
959820
959863
959887
960014
960096
960106
960249
960462
960467
960505
960520
960528
960577
960645
960661
960741
961071
961309
961344
961678
961783
961810
961821
961835
961895
962005
962007
962031
962246
962404
962720
962877
963035
963099
963204
963214
963244
963358
963375
963445
963470
963502
963567
963571
963755
963995
964006
964331
964385
964399
964451
964479
964762
964783
964783
964939
965170
965196
965215
965441
965464
965712
965823
965950
966133
966142
966426
966478
966791
966812
966854
967108
967117
967253
967259
967329
967403
967608
967647
967659
967699
967769
967843
967862
968030
968223
968445
968698
968996
969164
969266
969273
969299
969386
969397
969480
969491
969503
969677
969748
969803
969827
969843
969963
970046
970129
970178
970294
970373
970592
970821
970910
970984
971048
971066
971138
971385
971424
971612
971676
971732
971750
971839
971853
971927
971968
972025
972133
972386
972524
972526
972526
972540
972580
972715
972848
972884
972980
973061
973107
973166
973257
973646
973713
973720
973780
974058
974125
974131
974164
974245
974263
974267
974431
974437
974514
974659
974688
974898
974990
975084
975138
975218
975396
975461
975546
975716
975902
975998
976185
976213
976434
976444
976445
976659
976728
977108
977177
977268
977315
977447
977674
977748
977758
977809
977975
977990
978004
978269
978657
978677
978818
979059
979334
979623
979633
979651
979878
979924
980077
980164
980199
980204
980252
980264
980495
980758
980835
980895
980896
980926
981146
981234
981369
981430
981554
981556
981617
981818
981889
982043
982081
982266
982516
982618
982869
983130
983259
983320
983394
983636
983739
983807
983963
983977
984004
984066
984067
984166
984170
984281
984313
984389
984665
984837
985289
985372
985402
985644
985707
985846
985986
986075
986451
986476
986794
986997
987015
987201
987288
987322
987428
987454
987608
987678
987747
987760
987926
987951
987956
988085
988100
988156
988342
988534
988559
988610
988827
988891
988992
989136
989155
989240
989392
989822
989827
989890
990299
990322
990355
990370
990372
990497
990609
990669
990804
990854
991119
991121
991215
991279
991284
991341
991703
991724
991758
991774
991926
991927
991933
991974
992119
992524
992554
992715
992724
992733
992844
992848
992989
993010
993098
993106
993126
993144
993194
993230
993431
993431
993461
993487
993518
993584
993740
993781
993923
994001
994002
994032
994088
994254
994274
994413
994675
994831
994868
995074
995091
995154
995195
995261
995298
995322
995349
995638
995832
995857
996021
996023
996196
996229
996340
996626
997004
997102
997237
997299
997450
997495
997717
997892
997911
998119
998146
998161
998216
998291
998337
998343
998522
998569
998586
998697
998733
999001
999080
999096
999159
999161
999209
999330
999345
999395
999426
999497
999504
999548
999635
999689
